time,x,y,z
5.10,264299.50,309369.51,732.75
5.20,264299.39,309369.48,732.42
5.30,264299.28,309369.44,732.09
5.40,264299.17,309369.40,731.75
5.50,264299.06,309369.37,731.41
5.60,264298.95,309369.34,731.07
5.70,264298.84,309369.32,730.72
5.80,264298.72,309369.29,730.38
5.90,264298.61,309369.26,730.03
6.00,264298.49,309369.22,729.68
6.10,264298.37,309369.18,729.32
6.20,264298.25,309369.14,728.96
0.10,264299.99,309370.00,741.20
0.20,264299.98,309370.01,741.19
0.30,264299.95,309370.03,741.18
0.40,264299.90,309370.06,741.15
0.50,264299.83,309370.09,741.12
0.60,264299.73,309370.13,741.08
0.70,264299.62,309370.18,741.04
0.80,264299.50,309370.23,740.99
0.90,264299.38,309370.30,740.95
1.00,264299.23,309370.38,740.90
1.10,264299.07,309370.47,740.84
1.20,264298.89,309370.56,740.77
1.30,264298.70,309370.66,740.70
1.40,264298.49,309370.76,740.63
1.50,264298.26,309370.87,740.54
1.60,264298.00,309370.98,740.44
1.70,264297.72,309371.09,740.34
1.80,264297.43,309371.22,740.23
1.90,264297.13,309371.34,740.11
2.00,264296.81,309371.48,739.98
2.10,264296.47,309371.61,739.86
2.20,264296.11,309371.75,739.74
2.30,264295.75,309371.90,739.62
2.40,264295.37,309372.04,739.49
2.50,264294.99,309372.20,739.36
2.60,264294.59,309372.36,739.23
2.70,264294.18,309372.52,739.09
2.80,264293.74,309372.69,738.95
2.90,264293.30,309372.86,738.80
3.00,264292.84,309373.03,738.64
3.10,264292.36,309373.20,738.48
3.20,264291.87,309373.37,738.32
3.30,264291.36,309373.56,738.16
3.40,264290.84,309373.75,737.99
3.50,264290.30,309373.93,737.81
3.60,264289.75,309374.11,737.62
3.70,264289.19,309374.30,737.41
3.80,264288.61,309374.50,737.20
3.90,264288.03,309374.71,736.99
4.00,264287.43,309374.92,736.77
4.10,264286.82,309375.13,736.54
4.20,264286.20,309375.35,736.32
4.30,264285.56,309375.57,736.10
4.40,264284.90,309375.79,735.87
4.50,264284.23,309376.02,735.63
4.60,264283.55,309376.25,735.39
4.70,264282.86,309376.50,735.14
4.80,264282.15,309376.75,734.88
4.90,264281.43,309377.00,734.62
5.00,264280.69,309377.26,734.35
5.10,264279.94,309377.51,734.08
5.20,264279.18,309377.77,733.81
5.30,264278.41,309378.03,733.53
5.40,264277.65,309378.30,733.25
5.50,264276.89,309378.55,732.96
5.60,264276.12,309378.81,732.67
5.70,264275.36,309379.07,732.39
5.80,264274.60,309379.34,732.10
5.90,264273.84,309379.60,731.82
6.00,264273.08,309379.87,731.53
6.10,264272.32,309380.14,731.24
6.20,264271.56,309380.41,730.95
6.30,264270.80,309380.68,730.66
6.40,264270.04,309380.96,730.37
6.50,264269.28,309381.23,730.08
6.60,264268.51,309381.50,729.79
6.70,264267.75,309381.77,729.49
6.80,264266.99,309382.04,729.20
6.90,264266.22,309382.31,728.91
7.00,264265.46,309382.58,728.61
7.10,264264.70,309382.86,728.32
7.20,264263.94,309383.13,728.02
7.30,264263.18,309383.41,727.72
7.40,264262.42,309383.68,727.42
7.50,264261.66,309383.96,727.12
7.60,264260.90,309384.23,726.82
7.70,264260.14,309384.50,726.52
7.80,264259.38,309384.77,726.21
7.90,264258.61,309385.03,725.89
8.00,264257.85,309385.28,725.57
8.10,264257.09,309385.54,725.25
8.20,264256.33,309385.80,724.91
8.30,264255.57,309386.06,724.58
8.40,264254.80,309386.32,724.24
8.50,264254.04,309386.57,723.90
8.60,264253.27,309386.82,723.58
8.70,264252.50,309387.06,723.25
8.80,264251.74,309387.30,722.93
8.90,264250.98,309387.54,722.61
9.00,264250.21,309387.79,722.29
9.10,264249.43,309388.02,721.97
9.20,264248.66,309388.26,721.65
9.30,264247.89,309388.50,721.33
9.40,264247.11,309388.73,721.00
9.50,264246.34,309388.96,720.68
9.60,264245.56,309389.19,720.35
9.70,264244.80,309389.42,720.02
9.80,264244.02,309389.65,719.69
9.90,264243.25,309389.88,719.36
10.00,264242.47,309390.11,719.03
10.10,264241.70,309390.34,718.69
10.20,264240.93,309390.57,718.35
10.30,264240.16,309390.81,718.01
10.40,264239.39,309391.04,717.66
10.50,264238.62,309391.27,717.32
10.60,264237.86,309391.50,716.97
10.70,264237.08,309391.74,716.62
10.80,264236.31,309391.97,716.26
10.90,264235.54,309392.20,715.91
11.00,264234.77,309392.44,715.56
11.10,264234.01,309392.67,715.20
11.20,264233.24,309392.91,714.85
11.30,264232.47,309393.14,714.50
11.40,264231.70,309393.38,714.15
11.50,264230.92,309393.61,713.80
11.60,264230.15,309393.84,713.46
11.70,264229.38,309394.07,713.12
11.80,264228.61,309394.30,712.78
11.90,264227.83,309394.52,712.44
12.00,264227.05,309394.75,712.11
12.10,264226.28,309394.97,711.77
12.20,264225.50,309395.19,711.43
12.30,264224.72,309395.40,711.09
12.40,264223.94,309395.62,710.76
12.50,264223.16,309395.83,710.41
12.60,264222.39,309396.04,710.07
12.70,264221.61,309396.25,709.72
12.80,264220.84,309396.47,709.37
12.90,264220.06,309396.69,709.02
13.00,264219.29,309396.93,708.66
13.10,264218.52,309397.16,708.29
13.20,264217.75,309397.39,707.92
13.30,264216.98,309397.62,707.55
13.40,264216.21,309397.85,707.18
13.50,264215.43,309398.08,706.81
13.60,264214.66,309398.30,706.44
13.70,264213.88,309398.52,706.07
13.80,264213.10,309398.74,705.69
13.90,264212.33,309398.96,705.31
14.00,264211.56,309399.19,704.93
14.10,264210.78,309399.42,704.55
14.20,264210.01,309399.64,704.17
14.30,264209.23,309399.86,703.79
14.40,264208.45,309400.07,703.42
14.50,264207.67,309400.28,703.04
14.60,264206.89,309400.49,702.66
14.70,264206.11,309400.70,702.28
14.80,264205.33,309400.91,701.91
14.90,264204.56,309401.11,701.54
15.00,264203.78,309401.32,701.18
15.10,264203.00,309401.53,700.81
15.20,264202.22,309401.75,700.43
15.30,264201.45,309401.96,700.06
15.40,264200.67,309402.18,699.70
15.50,264199.89,309402.40,699.33
15.60,264199.12,309402.61,698.96
15.70,264198.34,309402.82,698.60
15.80,264197.56,309403.03,698.23
15.90,264196.78,309403.24,697.86
16.00,264196.00,309403.45,697.48
16.10,264195.22,309403.65,697.11
16.20,264194.44,309403.86,696.74
16.30,264193.66,309404.07,696.37
16.40,264192.89,309404.28,696.00
16.50,264192.11,309404.49,695.65
16.60,264191.33,309404.70,695.31
16.70,264190.56,309404.91,694.97
16.80,264189.78,309405.12,694.64
16.90,264189.00,309405.33,694.31
17.00,264188.22,309405.54,693.98
17.10,264187.44,309405.75,693.65
17.20,264186.67,309405.95,693.32
17.30,264185.88,309406.15,692.99
17.40,264185.10,309406.35,692.66
17.50,264184.33,309406.54,692.32
17.60,264183.54,309406.73,691.98
17.70,264182.76,309406.93,691.65
17.80,264181.97,309407.13,691.31
17.90,264181.19,309407.32,690.97
18.00,264180.41,309407.52,690.63
18.10,264179.62,309407.72,690.29
18.20,264178.84,309407.92,689.95
18.30,264178.06,309408.11,689.61
18.40,264177.27,309408.31,689.27
18.50,264176.49,309408.51,688.94
18.60,264175.72,309408.71,688.62
18.70,264174.94,309408.93,688.30
18.80,264174.17,309409.14,687.98
18.90,264173.39,309409.36,687.66
19.00,264172.61,309409.57,687.35
19.10,264171.84,309409.79,687.05
19.20,264171.06,309410.00,686.75
19.30,264170.29,309410.21,686.46
19.40,264169.50,309410.41,686.17
19.50,264168.72,309410.62,685.89
19.60,264167.95,309410.82,685.60
19.70,264167.17,309411.03,685.31
19.80,264166.39,309411.23,685.02
19.90,264165.61,309411.43,684.74
20.00,264164.82,309411.63,684.45
20.10,264164.04,309411.83,684.17
20.20,264163.26,309412.03,683.87
20.30,264162.48,309412.23,683.58
20.40,264161.70,309412.43,683.31
20.50,264160.92,309412.64,683.03
20.60,264160.14,309412.83,682.76
20.70,264159.36,309413.03,682.50
20.80,264158.59,309413.22,682.25
20.90,264157.81,309413.42,682.00
21.00,264157.04,309413.63,681.75
21.10,264156.26,309413.83,681.52
21.20,264155.48,309414.03,681.29
21.30,264154.70,309414.23,681.07
21.40,264153.92,309414.43,680.85
21.50,264153.13,309414.62,680.63
21.60,264152.36,309414.81,680.42
21.70,264151.57,309415.01,680.21
21.80,264150.79,309415.20,680.00
21.90,264150.01,309415.39,679.80
22.00,264149.23,309415.57,679.60
22.10,264148.45,309415.76,679.41
22.20,264147.67,309415.96,679.23
22.30,264146.89,309416.15,679.06
22.40,264146.11,309416.33,678.89
22.50,264145.33,309416.53,678.72
22.60,264144.55,309416.72,678.55
22.70,264143.77,309416.90,678.39
22.80,264142.99,309417.09,678.23
22.90,264142.22,309417.27,678.08
23.00,264141.44,309417.46,677.92
23.10,264140.66,309417.64,677.78
23.20,264139.86,309417.83,677.63
23.30,264139.08,309418.01,677.49
23.40,264138.30,309418.19,677.36
23.50,264137.51,309418.37,677.23
23.60,264136.73,309418.56,677.12
23.70,264135.94,309418.74,677.01
23.80,264135.16,309418.92,676.90
23.90,264134.37,309419.09,676.79
24.00,264133.59,309419.27,676.68
24.10,264132.81,309419.45,676.58
24.20,264132.03,309419.64,676.49
24.30,264131.25,309419.82,676.40
24.40,264130.47,309420.01,676.31
24.50,264129.71,309420.20,676.24
24.60,264128.94,309420.40,676.17
24.70,264128.17,309420.60,676.12
24.80,264127.39,309420.80,676.07
24.90,264126.63,309421.00,676.02
25.00,264125.86,309421.20,675.99
25.10,264125.09,309421.39,675.96
25.20,264124.32,309421.59,675.95
25.30,264123.54,309421.78,675.94
25.40,264122.77,309421.98,675.95
25.50,264122.00,309422.17,675.96
25.60,264121.24,309422.35,675.98
25.70,264120.47,309422.53,676.00
25.80,264119.69,309422.70,676.02
25.90,264118.91,309422.87,676.04
26.00,264118.12,309423.04,676.08
26.10,264117.34,309423.20,676.13
26.20,264116.57,309423.36,676.19
26.30,264115.80,309423.52,676.25
26.40,264115.02,309423.68,676.32
26.50,264114.24,309423.84,676.40
26.60,264113.46,309424.00,676.48
26.70,264112.69,309424.17,676.56
26.80,264111.92,309424.34,676.65
26.90,264111.16,309424.52,676.73
27.00,264110.39,309424.69,676.82
27.10,264109.62,309424.87,676.91
27.20,264108.85,309425.05,677.00
27.30,264108.08,309425.23,677.11
27.40,264107.31,309425.42,677.22
27.50,264106.55,309425.59,677.33
27.60,264105.78,309425.77,677.46
27.70,264105.02,309425.94,677.59
27.80,264104.26,309426.11,677.73
27.90,264103.50,309426.28,677.88
28.00,264102.75,309426.45,678.03
28.10,264102.01,309426.63,678.19
28.20,264101.27,309426.81,678.37
28.30,264100.54,309426.99,678.55
28.40,264099.81,309427.18,678.73
28.50,264099.09,309427.38,678.92
28.60,264098.37,309427.58,679.12
28.70,264097.65,309427.79,679.33
28.80,264096.94,309427.99,679.54
28.90,264096.24,309428.20,679.77
29.00,264095.54,309428.40,679.99
29.10,264094.85,309428.61,680.23
29.20,264094.16,309428.81,680.48
29.30,264093.47,309429.03,680.73
29.40,264092.79,309429.25,680.99
29.50,264092.11,309429.47,681.26
29.60,264091.42,309429.70,681.53
29.70,264090.74,309429.94,681.81
29.80,264090.06,309430.18,682.10
29.90,264089.39,309430.43,682.39
30.00,264088.72,309430.67,682.70
30.10,264088.06,309430.92,683.00
30.20,264087.41,309431.16,683.32
30.30,264086.74,309431.40,683.64
30.40,264086.07,309431.65,683.96
30.50,264085.42,309431.90,684.29
30.60,264084.77,309432.15,684.62
30.70,264084.14,309432.41,684.96
30.80,264083.52,309432.67,685.30
30.90,264082.91,309432.93,685.66
31.00,264082.30,309433.19,686.02
31.10,264081.69,309433.45,686.37
31.20,264081.08,309433.72,686.74
31.30,264080.48,309433.98,687.11
31.40,264079.88,309434.24,687.49
31.50,264079.28,309434.49,687.87
31.60,264078.69,309434.75,688.27
31.70,264078.10,309435.00,688.67
31.80,264077.52,309435.25,689.08
31.90,264076.95,309435.52,689.49
32.00,264076.39,309435.78,689.91
32.10,264075.83,309436.04,690.34
32.20,264075.27,309436.30,690.78
32.30,264074.72,309436.56,691.22
32.40,264074.16,309436.82,691.67
32.50,264073.61,309437.08,692.13
32.60,264073.07,309437.33,692.59
32.70,264072.53,309437.59,693.07
32.80,264071.99,309437.85,693.54
32.90,264071.46,309438.11,694.02
33.00,264070.94,309438.38,694.51
33.10,264070.43,309438.65,695.00
33.20,264069.94,309438.93,695.50
33.30,264069.45,309439.21,696.00
33.40,264068.97,309439.49,696.50
33.50,264068.50,309439.79,697.00
33.60,264068.03,309440.08,697.49
33.70,264067.58,309440.37,697.99
33.80,264067.14,309440.66,698.49
33.90,264066.70,309440.96,698.99
34.00,264066.27,309441.26,699.50
34.10,264065.86,309441.56,700.00
34.20,264065.46,309441.86,700.50
34.30,264065.07,309442.16,701.00
34.40,264064.69,309442.46,701.51
34.50,264064.33,309442.75,702.01
34.60,264063.99,309443.04,702.51
34.70,264063.66,309443.33,703.01
34.80,264063.34,309443.62,703.51
34.90,264063.02,309443.92,704.02
35.00,264062.71,309444.22,704.52
35.10,264062.39,309444.51,705.01
35.20,264062.09,309444.80,705.51
35.30,264061.79,309445.09,706.01
35.40,264061.51,309445.38,706.51
35.50,264061.23,309445.66,707.01
35.60,264060.96,309445.95,707.51
35.70,264060.70,309446.25,708.00
35.80,264060.45,309446.55,708.51
35.90,264060.21,309446.85,709.01
36.00,264059.98,309447.14,709.52
36.10,264059.76,309447.44,710.02
36.20,264059.55,309447.75,710.52
36.30,264059.35,309448.05,711.02
36.40,264059.17,309448.36,711.53
36.50,264058.99,309448.67,712.03
36.60,264058.81,309448.97,712.53
36.70,264058.65,309449.27,713.03
36.80,264058.49,309449.58,713.54
36.90,264058.34,309449.89,714.04
37.00,264058.20,309450.20,714.54
37.10,264058.06,309450.51,715.04
37.20,264057.93,309450.82,715.55
37.30,264057.81,309451.12,716.05
37.40,264057.70,309451.43,716.56
37.50,264057.60,309451.74,717.06
37.60,264057.52,309452.06,717.56
37.70,264057.44,309452.37,718.06
37.80,264057.37,309452.70,718.55
37.90,264057.32,309453.02,719.06
38.00,264057.27,309453.33,719.56
38.10,264057.24,309453.65,720.07
38.20,264057.23,309453.98,720.57
38.30,264057.23,309454.30,721.08
38.40,264057.25,309454.62,721.58
38.50,264057.27,309454.94,722.08
38.60,264057.32,309455.26,722.58
38.70,264057.39,309455.58,723.08
38.80,264057.47,309455.89,723.58
38.90,264057.56,309456.20,724.08
39.00,264057.66,309456.51,724.59
39.10,264057.76,309456.83,725.09
39.20,264057.88,309457.14,725.60
39.30,264058.01,309457.47,726.10
39.40,264058.15,309457.79,726.61
39.50,264058.29,309458.11,727.11
39.60,264058.44,309458.44,727.61
39.70,264058.59,309458.76,728.12
39.80,264058.76,309459.08,728.62
39.90,264058.94,309459.39,729.12
40.00,264059.12,309459.71,729.62
40.10,264059.30,309460.03,730.12
40.20,264059.49,309460.35,730.61
40.30,264059.68,309460.66,731.10
40.40,264059.87,309460.98,731.60
40.50,264060.07,309461.30,732.09
40.60,264060.29,309461.62,732.60
40.70,264060.52,309461.94,733.10
40.80,264060.75,309462.26,733.60
40.90,264060.99,309462.59,734.10
41.00,264061.24,309462.92,734.59
41.10,264061.50,309463.26,735.08
41.20,264061.76,309463.60,735.58
41.30,264062.04,309463.94,736.08
41.40,264062.31,309464.28,736.58
41.50,264062.59,309464.62,737.07
41.60,264062.88,309464.95,737.56
41.70,264063.18,309465.28,738.05
41.80,264063.49,309465.61,738.54
41.90,264063.80,309465.94,739.03
42.00,264064.13,309466.28,739.53
42.10,264064.47,309466.61,740.01
42.20,264064.82,309466.95,740.50
42.30,264065.18,309467.28,740.99
42.40,264065.56,309467.61,741.48
42.50,264065.94,309467.94,741.98
42.60,264066.34,309468.27,742.47
42.70,264066.74,309468.61,742.97
42.80,264067.15,309468.94,743.47
42.90,264067.56,309469.27,743.96
43.00,264067.99,309469.59,744.45
43.10,264068.42,309469.92,744.94
43.20,264068.85,309470.24,745.43
43.30,264069.28,309470.56,745.91
43.40,264069.71,309470.88,746.40
43.50,264070.15,309471.19,746.90
43.60,264070.59,309471.50,747.39
43.70,264071.04,309471.81,747.90
43.80,264071.49,309472.12,748.40
43.90,264071.95,309472.43,748.90
44.00,264072.42,309472.74,749.40
44.10,264072.89,309473.06,749.90
44.20,264073.38,309473.38,750.41
44.30,264073.88,309473.70,750.91
44.40,264074.39,309474.02,751.41
44.50,264074.91,309474.35,751.91
44.60,264075.43,309474.67,752.42
44.70,264075.95,309474.98,752.92
44.80,264076.49,309475.30,753.42
44.90,264077.03,309475.61,753.92
45.00,264077.57,309475.93,754.41
45.10,264078.13,309476.25,754.91
45.20,264078.69,309476.56,755.41
45.30,264079.26,309476.87,755.91
45.40,264079.83,309477.18,756.41
45.50,264080.41,309477.49,756.91
45.60,264081.00,309477.81,757.41
45.70,264081.61,309478.13,757.91
45.80,264082.23,309478.45,758.41
45.90,264082.86,309478.77,758.91
46.00,264083.50,309479.09,759.41
46.10,264084.14,309479.42,759.90
46.20,264084.79,309479.75,760.39
46.30,264085.43,309480.08,760.87
46.40,264086.08,309480.40,761.36
46.50,264086.74,309480.73,761.84
46.60,264087.41,309481.05,762.33
46.70,264088.08,309481.37,762.80
46.80,264088.75,309481.69,763.28
46.90,264089.44,309482.01,763.76
47.00,264090.12,309482.33,764.25
47.10,264090.81,309482.64,764.75
47.20,264091.51,309482.96,765.24
47.30,264092.24,309483.28,765.74
47.40,264092.97,309483.60,766.23
47.50,264093.69,309483.91,766.71
47.60,264094.44,309484.23,767.20
47.70,264095.18,309484.54,767.68
47.80,264095.92,309484.84,768.15
47.90,264096.66,309485.14,768.63
48.00,264097.41,309485.45,769.11
48.10,264098.15,309485.75,769.59
48.20,264098.90,309486.05,770.08
48.30,264099.64,309486.35,770.56
48.40,264100.39,309486.65,771.05
48.50,264101.13,309486.95,771.55
48.60,264101.88,309487.25,772.05
48.70,264102.63,309487.55,772.54
48.80,264103.37,309487.85,773.03
48.90,264104.12,309488.15,773.52
49.00,264104.87,309488.45,774.00
49.10,264105.61,309488.74,774.49
49.20,264106.36,309489.04,774.99
49.30,264107.11,309489.34,775.48
49.40,264107.86,309489.63,775.97
49.50,264108.60,309489.92,776.46
49.60,264109.35,309490.20,776.96
49.70,264110.09,309490.48,777.46
49.80,264110.84,309490.75,777.95
49.90,264111.60,309491.03,778.43
50.00,264112.35,309491.30,778.92
50.10,264113.09,309491.57,779.41
50.20,264113.84,309491.84,779.90
50.30,264114.60,309492.11,780.40
50.40,264115.35,309492.38,780.89
50.50,264116.11,309492.64,781.39
50.60,264116.87,309492.90,781.88
50.70,264117.63,309493.16,782.36
50.80,264118.40,309493.41,782.85
50.90,264119.16,309493.65,783.33
51.00,264119.92,309493.90,783.81
51.10,264120.68,309494.14,784.28
51.20,264121.45,309494.37,784.76
51.30,264122.21,309494.61,785.23
51.40,264122.98,309494.85,785.70
51.50,264123.74,309495.09,786.17
51.60,264124.50,309495.33,786.64
51.70,264125.27,309495.57,787.11
51.80,264126.04,309495.81,787.57
51.90,264126.81,309496.05,788.03
52.00,264127.57,309496.29,788.49
52.10,264128.33,309496.54,788.94
52.20,264129.09,309496.79,789.40
52.30,264129.85,309497.03,789.85
52.40,264130.62,309497.28,790.30
52.50,264131.38,309497.52,790.76
52.60,264132.13,309497.76,791.22
52.70,264132.88,309498.00,791.68
52.80,264133.64,309498.24,792.13
52.90,264134.39,309498.48,792.57
53.00,264135.14,309498.73,793.02
53.10,264135.90,309498.97,793.46
53.20,264136.66,309499.21,793.91
53.30,264137.43,309499.46,794.34
53.40,264138.20,309499.70,794.77
53.50,264138.97,309499.93,795.20
53.60,264139.73,309500.16,795.62
53.70,264140.50,309500.39,796.04
53.80,264141.28,309500.61,796.46
53.90,264142.05,309500.83,796.88
54.00,264142.82,309501.05,797.30
54.10,264143.58,309501.28,797.71
54.20,264144.35,309501.50,798.11
54.30,264145.12,309501.71,798.51
54.40,264145.89,309501.92,798.90
54.50,264146.67,309502.14,799.29
54.60,264147.44,309502.36,799.67
54.70,264148.21,309502.58,800.04
54.80,264148.97,309502.81,800.41
54.90,264149.74,309503.03,800.79
55.00,264150.50,309503.25,801.15
55.10,264151.27,309503.47,801.51
55.20,264152.04,309503.69,801.86
55.30,264152.81,309503.91,802.21
55.40,264153.59,309504.12,802.54
55.50,264154.36,309504.32,802.88
55.60,264155.13,309504.52,803.23
55.70,264155.90,309504.72,803.58
55.80,264156.67,309504.92,803.93
55.90,264157.44,309505.12,804.29
56.00,264158.21,309505.31,804.65
56.10,264158.99,309505.50,805.01
56.20,264159.78,309505.68,805.38
56.30,264160.56,309505.87,805.74
56.40,264161.34,309506.06,806.10
56.50,264162.12,309506.24,806.46
56.60,264162.90,309506.42,806.81
56.70,264163.68,309506.60,807.15
56.80,264164.47,309506.78,807.50
56.90,264165.25,309506.96,807.85
57.00,264166.03,309507.13,808.19
57.10,264166.80,309507.31,808.52
57.20,264167.56,309507.48,808.85
57.30,264168.31,309507.65,809.17
57.40,264169.05,309507.83,809.50
57.50,264169.80,309508.01,809.82
57.60,264170.56,309508.18,810.13
57.70,264171.31,309508.35,810.45
57.80,264172.06,309508.53,810.77
57.90,264172.82,309508.70,811.08
58.00,264173.58,309508.87,811.39
58.10,264174.34,309509.03,811.71
58.20,264175.11,309509.20,812.03
58.30,264175.88,309509.36,812.36
58.40,264176.64,309509.52,812.68
58.50,264177.41,309509.68,813.00
58.60,264178.16,309509.84,813.32
58.70,264178.92,309510.00,813.63
58.80,264179.67,309510.16,813.94
58.90,264180.43,309510.32,814.24
59.00,264181.19,309510.47,814.55
59.10,264181.95,309510.63,814.85
59.20,264182.71,309510.79,815.14
59.30,264183.49,309510.94,815.43
59.40,264184.26,309511.10,815.72
59.50,264185.05,309511.26,816.00
59.60,264185.83,309511.42,816.28
59.70,264186.62,309511.57,816.56
59.80,264187.41,309511.72,816.82
59.90,264188.20,309511.87,817.09
60.00,264188.99,309512.00,817.35
60.10,264189.78,309512.14,817.60
60.20,264190.57,309512.27,817.86
60.30,264191.35,309512.41,818.11
60.40,264192.14,309512.54,818.37
60.50,264192.93,309512.67,818.62
60.60,264193.72,309512.81,818.87
60.70,264194.49,309512.95,819.12
60.80,264195.27,309513.09,819.36
60.90,264196.04,309513.23,819.60
61.00,264196.82,309513.36,819.84
61.10,264197.60,309513.50,820.07
61.20,264198.38,309513.63,820.30
61.30,264199.15,309513.76,820.53
61.40,264199.92,309513.88,820.76
61.50,264200.69,309514.01,821.00
61.60,264201.47,309514.12,821.23
61.70,264202.25,309514.24,821.45
61.80,264203.03,309514.34,821.66
61.90,264203.81,309514.45,821.87
62.00,264204.60,309514.55,822.08
62.10,264205.38,309514.65,822.29
62.20,264206.17,309514.75,822.49
62.30,264206.96,309514.84,822.69
62.40,264207.75,309514.92,822.88
62.50,264208.53,309515.01,823.07
62.60,264209.32,309515.09,823.26
62.70,264210.10,309515.16,823.45
62.80,264210.88,309515.23,823.63
62.90,264211.66,309515.31,823.81
63.00,264212.45,309515.38,823.99
63.10,264213.23,309515.44,824.17
63.20,264214.00,309515.49,824.35
63.30,264214.76,309515.54,824.53
63.40,264215.52,309515.59,824.70
63.50,264216.29,309515.64,824.86
63.60,264217.05,309515.69,825.03
63.70,264217.81,309515.73,825.20
63.80,264218.56,309515.77,825.36
63.90,264219.32,309515.81,825.52
64.00,264220.07,309515.84,825.68
64.10,264220.81,309515.87,825.82
64.20,264221.56,309515.90,825.96
64.30,264222.29,309515.92,826.10
64.40,264223.02,309515.95,826.23
64.50,264223.75,309515.97,826.35
64.60,264224.46,309515.99,826.47
64.70,264225.17,309516.02,826.58
64.80,264225.89,309516.04,826.68
64.90,264226.60,309516.05,826.77
65.00,264227.31,309516.06,826.84
65.10,264228.00,309516.07,826.91
65.20,264228.69,309516.07,826.97
65.30,264229.38,309516.07,827.02
65.40,264230.06,309516.06,827.07
65.50,264230.73,309516.04,827.12
65.60,264231.40,309516.02,827.17
65.70,264232.07,309515.99,827.21
65.80,264232.73,309515.96,827.26
65.90,264233.38,309515.92,827.31
66.00,264234.00,309515.88,827.35
66.10,264234.62,309515.83,827.39
66.20,264235.23,309515.77,827.43
66.30,264235.84,309515.71,827.46
66.40,264236.43,309515.64,827.48
66.50,264237.02,309515.56,827.50
66.60,264237.61,309515.48,827.52
66.70,264238.20,309515.40,827.54
66.80,264238.79,309515.32,827.57
66.90,264239.37,309515.23,827.59
67.00,264239.96,309515.13,827.61
67.10,264240.53,309515.03,827.62
67.20,264241.10,309514.92,827.62
67.30,264241.67,309514.80,827.61
67.40,264242.23,309514.68,827.60
67.50,264242.78,309514.57,827.59
67.60,264243.32,309514.45,827.58
67.70,264243.86,309514.33,827.57
67.80,264244.39,309514.22,827.56
67.90,264244.93,309514.10,827.55
68.00,264245.48,309513.97,827.53
68.10,264246.02,309513.84,827.52
68.20,264246.55,309513.70,827.50
68.30,264247.08,309513.56,827.47
68.40,264247.60,309513.42,827.44
68.50,264248.12,309513.27,827.41
68.60,264248.62,309513.13,827.37
68.70,264249.13,309512.98,827.31
68.80,264249.62,309512.83,827.25
68.90,264250.10,309512.67,827.18
69.00,264250.58,309512.50,827.11
69.10,264251.05,309512.32,827.04
69.20,264251.51,309512.13,826.96
69.30,264251.97,309511.94,826.88
69.40,264252.41,309511.74,826.79
69.50,264252.84,309511.54,826.69
69.60,264253.26,309511.33,826.58
69.70,264253.67,309511.12,826.47
69.80,264254.07,309510.90,826.36
69.90,264254.47,309510.68,826.26
70.00,264254.87,309510.45,826.15
70.10,264255.26,309510.21,826.04
70.20,264255.64,309509.97,825.93
70.30,264256.01,309509.72,825.82
70.40,264256.38,309509.46,825.69
70.50,264256.74,309509.19,825.57
70.60,264257.11,309508.91,825.44
70.70,264257.47,309508.63,825.31
70.80,264257.82,309508.34,825.18
70.90,264258.17,309508.05,825.05
71.00,264258.51,309507.77,824.92
71.10,264258.84,309507.48,824.79
71.20,264259.16,309507.18,824.65
71.30,264259.48,309506.89,824.50
71.40,264259.80,309506.59,824.36
71.50,264260.11,309506.28,824.21
71.60,264260.41,309505.96,824.07
71.70,264260.71,309505.64,823.93
71.80,264261.01,309505.31,823.78
71.90,264261.30,309504.97,823.63
72.00,264261.58,309504.62,823.48
72.10,264261.87,309504.27,823.32
72.20,264262.15,309503.92,823.17
72.30,264262.43,309503.56,823.01
72.40,264262.69,309503.20,822.86
72.50,264262.95,309502.83,822.71
72.60,264263.19,309502.45,822.56
72.70,264263.44,309502.07,822.40
72.80,264263.68,309501.67,822.23
72.90,264263.90,309501.27,822.06
73.00,264264.12,309500.86,821.88
73.10,264264.33,309500.45,821.70
73.20,264264.52,309500.03,821.52
73.30,264264.70,309499.60,821.35
73.40,264264.86,309499.16,821.17
73.50,264265.01,309498.71,821.00
73.60,264265.14,309498.25,820.82
73.70,264265.26,309497.79,820.65
73.80,264265.36,309497.34,820.47
73.90,264265.44,309496.88,820.30
74.00,264265.51,309496.42,820.12
74.10,264265.56,309495.96,819.93
74.20,264265.60,309495.49,819.75
74.30,264265.63,309495.02,819.57
74.40,264265.64,309494.55,819.39
74.50,264265.63,309494.07,819.21
74.60,264265.61,309493.59,819.03
74.70,264265.58,309493.09,818.85
74.80,264265.54,309492.59,818.67
74.90,264265.49,309492.09,818.49
75.00,264265.44,309491.59,818.31
75.10,264265.38,309491.09,818.12
75.20,264265.31,309490.58,817.93
75.30,264265.23,309490.06,817.75
75.40,264265.14,309489.54,817.56
75.50,264265.04,309489.02,817.37
75.60,264264.93,309488.50,817.17
75.70,264264.81,309487.96,816.97
75.80,264264.68,309487.42,816.77
75.90,264264.55,309486.86,816.58
76.00,264264.41,309486.30,816.40
76.10,264264.26,309485.72,816.20
76.20,264264.12,309485.14,816.01
76.30,264263.97,309484.54,815.81
76.40,264263.80,309483.94,815.62
76.50,264263.64,309483.34,815.42
76.60,264263.47,309482.73,815.21
76.70,264263.30,309482.11,815.00
76.80,264263.11,309481.49,814.80
76.90,264262.90,309480.86,814.59
77.00,264262.69,309480.21,814.39
77.10,264262.47,309479.56,814.18
77.20,264262.23,309478.90,813.98
77.30,264261.99,309478.23,813.78
77.40,264261.73,309477.56,813.57
77.50,264261.46,309476.88,813.36
77.60,264261.17,309476.19,813.15
77.70,264260.87,309475.50,812.95
77.80,264260.57,309474.80,812.75
77.90,264260.25,309474.09,812.53
78.00,264259.92,309473.38,812.32
78.10,264259.56,309472.67,812.10
78.20,264259.19,309471.95,811.89
78.30,264258.82,309471.24,811.69
78.40,264258.44,309470.53,811.49
78.50,264258.05,309469.83,811.30
78.60,264257.66,309469.12,811.10
78.70,264257.25,309468.42,810.91
78.80,264256.84,309467.73,810.72
78.90,264256.42,309467.04,810.54
79.00,264256.00,309466.36,810.34
79.10,264255.57,309465.67,810.15
79.20,264255.14,309464.99,809.97
79.30,264254.70,309464.31,809.79
79.40,264254.27,309463.63,809.61
79.50,264253.84,309462.96,809.43
79.60,264253.40,309462.28,809.26
79.70,264252.97,309461.61,809.09
79.80,264252.53,309460.93,808.92
79.90,264252.10,309460.25,808.74
80.00,264251.67,309459.57,808.57
80.10,264251.24,309458.89,808.39
80.20,264250.81,309458.21,808.22
80.30,264250.37,309457.53,808.05
80.40,264249.93,309456.85,807.89
80.50,264249.48,309456.18,807.74
80.60,264249.03,309455.51,807.59
80.70,264248.59,309454.84,807.44
80.80,264248.13,309454.18,807.29
80.90,264247.68,309453.51,807.15
81.00,264247.22,309452.85,807.01
81.10,264246.76,309452.20,806.88
81.20,264246.29,309451.54,806.74
81.30,264245.83,309450.88,806.61
81.40,264245.37,309450.22,806.48
81.50,264244.91,309449.56,806.36
81.60,264244.46,309448.89,806.24
81.70,264244.00,309448.23,806.13
81.80,264243.54,309447.56,806.02
81.90,264243.08,309446.90,805.93
82.00,264242.62,309446.24,805.83
82.10,264242.16,309445.58,805.75
82.20,264241.70,309444.92,805.67
82.30,264241.23,309444.27,805.61
82.40,264240.77,309443.61,805.55
82.50,264240.30,309442.96,805.48
82.60,264239.82,309442.31,805.42
82.70,264239.34,309441.66,805.37
82.80,264238.86,309441.01,805.32
82.90,264238.37,309440.37,805.27
83.00,264237.88,309439.73,805.23
83.10,264237.39,309439.09,805.20
83.20,264236.89,309438.46,805.16
83.30,264236.39,309437.82,805.12
83.40,264235.89,309437.19,805.09
83.50,264235.39,309436.56,805.06
83.60,264234.90,309435.93,805.03
83.70,264234.40,309435.30,805.01
83.80,264233.91,309434.67,804.99
83.90,264233.41,309434.02,804.98
84.00,264232.92,309433.39,804.97
84.10,264232.43,309432.75,804.97
84.20,264231.94,309432.11,804.98
84.30,264231.46,309431.46,804.98
84.40,264230.98,309430.82,805.00
84.50,264230.49,309430.17,805.02
84.60,264230.01,309429.53,805.05
84.70,264229.54,309428.88,805.08
84.80,264229.06,309428.24,805.13
84.90,264228.58,309427.59,805.18
85.00,264228.11,309426.93,805.24
85.10,264227.64,309426.28,805.30
85.20,264227.18,309425.62,805.37
85.30,264226.71,309424.97,805.44
85.40,264226.24,309424.31,805.53
85.50,264225.76,309423.66,805.62
85.60,264225.28,309423.01,805.71
85.70,264224.81,309422.37,805.80
85.80,264224.34,309421.71,805.89
85.90,264223.86,309421.06,806.00
86.00,264223.38,309420.41,806.10
86.10,264222.90,309419.76,806.21
86.20,264222.43,309419.12,806.33
86.30,264221.95,309418.47,806.45
86.40,264221.48,309417.82,806.58
86.50,264221.01,309417.17,806.72
86.60,264220.55,309416.51,806.86
86.70,264220.08,309415.86,807.00
86.80,264219.62,309415.20,807.14
86.90,264219.16,309414.54,807.29
87.00,264218.69,309413.88,807.46
87.10,264218.22,309413.23,807.62
87.20,264217.74,309412.58,807.79
87.30,264217.27,309411.94,807.95
87.40,264216.80,309411.29,808.11
87.50,264216.32,309410.64,808.26
87.60,264215.84,309409.99,808.43
87.70,264215.37,309409.34,808.60
87.80,264214.89,309408.69,808.78
87.90,264214.41,309408.04,808.97
88.00,264213.94,309407.39,809.16
88.10,264213.47,309406.74,809.36
88.20,264212.99,309406.09,809.56
88.30,264212.50,309405.44,809.78
88.40,264212.02,309404.79,810.00
88.50,264211.55,309404.14,810.22
88.60,264211.08,309403.50,810.44
88.70,264210.60,309402.84,810.67
88.80,264210.13,309402.19,810.89
88.90,264209.66,309401.53,811.12
89.00,264209.19,309400.88,811.36
89.10,264208.72,309400.23,811.60
89.20,264208.25,309399.57,811.85
89.30,264207.79,309398.91,812.11
89.40,264207.32,309398.26,812.37
89.50,264206.86,309397.60,812.64
89.60,264206.39,309396.95,812.91
89.70,264205.92,309396.29,813.18
89.80,264205.45,309395.64,813.47
89.90,264204.98,309394.98,813.76
90.00,264204.51,309394.32,814.06
90.10,264204.05,309393.67,814.37
90.20,264203.58,309393.02,814.68
90.30,264203.11,309392.37,814.99
90.40,264202.64,309391.71,815.31
90.50,264202.17,309391.07,815.62
90.60,264201.69,309390.42,815.94
90.70,264201.23,309389.77,816.27
90.80,264200.76,309389.11,816.60
90.90,264200.30,309388.45,816.93
91.00,264199.85,309387.79,817.27
91.10,264199.39,309387.13,817.60
91.20,264198.94,309386.47,817.95
91.30,264198.48,309385.82,818.30
91.40,264198.01,309385.16,818.65
91.50,264197.56,309384.49,819.02
91.60,264197.11,309383.83,819.40
91.70,264196.65,309383.16,819.78
91.80,264196.19,309382.50,820.16
91.90,264195.74,309381.83,820.55
92.00,264195.30,309381.17,820.95
92.10,264194.84,309380.51,821.35
92.20,264194.38,309379.85,821.76
92.30,264193.93,309379.19,822.16
92.40,264193.47,309378.53,822.57
92.50,264193.02,309377.87,822.97
92.60,264192.56,309377.21,823.37
92.70,264192.09,309376.55,823.78
92.80,264191.62,309375.90,824.20
92.90,264191.15,309375.25,824.62
93.00,264190.68,309374.60,825.06
93.10,264190.21,309373.95,825.50
93.20,264189.74,309373.30,825.96
93.30,264189.27,309372.65,826.43
93.40,264188.80,309372.00,826.90
93.50,264188.32,309371.35,827.37
93.60,264187.85,309370.70,827.85
93.70,264187.37,309370.05,828.33
93.80,264186.90,309369.40,828.82
93.90,264186.43,309368.75,829.32
94.00,264185.96,309368.10,829.82
94.10,264185.48,309367.45,830.32
94.20,264185.01,309366.81,830.82
94.30,264184.54,309366.15,831.32
94.40,264184.08,309365.50,831.81
94.50,264183.62,309364.84,832.32
94.60,264183.15,309364.19,832.82
94.70,264182.69,309363.53,833.32
94.80,264182.22,309362.88,833.83
94.90,264181.76,309362.22,834.33
95.00,264181.31,309361.56,834.83
95.10,264180.86,309360.90,835.32
95.20,264180.41,309360.23,835.82
95.30,264179.96,309359.57,836.32
95.40,264179.50,309358.90,836.82
95.50,264179.05,309358.24,837.32
95.60,264178.60,309357.58,837.83
95.70,264178.15,309356.91,838.32
95.80,264177.70,309356.25,838.82
95.90,264177.27,309355.58,839.32
96.00,264176.83,309354.90,839.82
96.10,264176.40,309354.22,840.32
96.20,264175.97,309353.54,840.82
96.30,264175.54,309352.86,841.32
96.40,264175.11,309352.18,841.81
96.50,264174.69,309351.50,842.31
96.60,264174.27,309350.82,842.80
96.70,264173.84,309350.14,843.31
96.80,264173.41,309349.46,843.81
96.90,264172.97,309348.78,844.31
97.00,264172.53,309348.11,844.81
97.10,264172.10,309347.43,845.31
97.20,264171.66,309346.75,845.81
97.30,264171.23,309346.08,846.32
97.40,264170.79,309345.41,846.83
97.50,264170.35,309344.74,847.32
97.60,264169.91,309344.07,847.82
97.70,264169.47,309343.40,848.31
97.80,264169.04,309342.72,848.82
97.90,264168.61,309342.04,849.32
98.00,264168.18,309341.36,849.82
98.10,264167.74,309340.68,850.32
98.20,264167.30,309340.01,850.83
98.30,264166.87,309339.33,851.33
98.40,264166.43,309338.65,851.83
98.50,264165.99,309337.98,852.33
98.60,264165.55,309337.30,852.83
98.70,264165.10,309336.63,853.33
98.80,264164.65,309335.96,853.83
98.90,264164.20,309335.30,854.34
99.00,264163.76,309334.63,854.84
99.10,264163.32,309333.96,855.34
99.20,264162.89,309333.28,855.84
99.30,264162.45,309332.61,856.34
99.40,264162.01,309331.93,856.84
99.50,264161.57,309331.26,857.35
99.60,264161.13,309330.58,857.86
99.70,264160.69,309329.92,858.36
99.80,264160.25,309329.25,858.86
99.90,264159.81,309328.59,859.36
100.00,264159.36,309327.91,859.86
100.10,264158.91,309327.25,860.36
100.20,264158.46,309326.58,860.86
100.30,264158.01,309325.92,861.36
100.40,264157.55,309325.25,861.86
100.50,264157.09,309324.59,862.36
100.60,264156.62,309323.94,862.86
100.70,264156.16,309323.28,863.36
100.80,264155.69,309322.63,863.86
100.90,264155.23,309321.97,864.36
101.00,264154.77,309321.31,864.87
101.10,264154.31,309320.65,865.37
101.20,264153.85,309319.99,865.88
101.30,264153.39,309319.33,866.38
101.40,264152.93,309318.67,866.89
101.50,264152.47,309318.00,867.38
101.60,264152.02,309317.34,867.89
101.70,264151.56,309316.68,868.39
101.80,264151.11,309316.02,868.90
101.90,264150.68,309315.35,869.40
102.00,264150.24,309314.68,869.90
102.10,264149.80,309314.01,870.40
102.20,264149.36,309313.34,870.90
102.30,264148.91,309312.67,871.40
102.40,264148.47,309312.00,871.90
102.50,264148.03,309311.32,872.41
102.60,264147.59,309310.65,872.91
102.70,264147.16,309309.98,873.42
102.80,264146.73,309309.29,873.93
102.90,264146.30,309308.61,874.43
103.00,264145.87,309307.93,874.93
103.10,264145.44,309307.25,875.43
103.20,264145.00,309306.58,875.94
103.30,264144.56,309305.90,876.44
103.40,264144.12,309305.23,876.94
103.50,264143.68,309304.55,877.44
103.60,264143.25,309303.88,877.95
103.70,264142.81,309303.20,878.45
103.80,264142.38,309302.53,878.96
103.90,264141.95,309301.85,879.46
104.00,264141.52,309301.17,879.96
104.10,264141.09,309300.49,880.46
104.20,264140.66,309299.82,880.97
104.30,264140.22,309299.13,881.47
104.40,264139.80,309298.46,881.98
104.50,264139.37,309297.78,882.48
104.60,264138.95,309297.10,882.99
104.70,264138.53,309296.42,883.48
104.80,264138.10,309295.74,883.98
104.90,264137.66,309295.06,884.48
105.00,264137.24,309294.38,884.98
105.10,264136.81,309293.69,885.48
105.20,264136.38,309293.01,885.99
105.30,264135.95,309292.33,886.49
105.40,264135.52,309291.65,887.00
105.50,264135.09,309290.97,887.50
105.60,264134.65,309290.30,888.00
105.70,264134.21,309289.62,888.51
105.80,264133.77,309288.95,889.01
105.90,264133.33,309288.28,889.51
106.00,264132.90,309287.60,890.01
106.10,264132.47,309286.92,890.51
106.20,264132.04,309286.24,891.01
106.30,264131.61,309285.56,891.51
106.40,264131.17,309284.89,892.01
106.50,264130.74,309284.21,892.51
106.60,264130.30,309283.53,893.01
106.70,264129.87,309282.85,893.52
106.80,264129.43,309282.18,894.02
106.90,264128.99,309281.51,894.53
107.00,264128.54,309280.84,895.03
107.10,264128.09,309280.17,895.53
107.20,264127.64,309279.50,896.04
107.30,264127.18,309278.84,896.54
107.40,264126.72,309278.19,897.05
107.50,264126.26,309277.52,897.55
107.60,264125.81,309276.86,898.05
107.70,264125.36,309276.19,898.55
107.80,264124.92,309275.52,899.05
107.90,264124.48,309274.85,899.55
108.00,264124.04,309274.17,900.06
108.10,264123.61,309273.49,900.56
108.20,264123.18,309272.81,901.06
108.30,264122.75,309272.13,901.56
108.40,264122.32,309271.45,902.06
108.50,264121.90,309270.76,902.56
108.60,264121.48,309270.08,903.06
108.70,264121.05,309269.40,903.56
108.80,264120.63,309268.72,904.06
108.90,264120.19,309268.05,904.57
109.00,264119.76,309267.37,905.07
109.10,264119.33,309266.70,905.58
109.20,264118.89,309266.02,906.08
109.30,264118.46,309265.34,906.58
109.40,264118.02,309264.67,907.08
109.50,264117.58,309263.99,907.59
109.60,264117.15,309263.31,908.10
109.70,264116.71,309262.64,908.60
109.80,264116.27,309261.96,909.10
109.90,264115.82,309261.29,909.60
110.00,264115.37,309260.62,910.11
110.10,264114.92,309259.95,910.61
110.20,264114.48,309259.28,911.11
110.30,264114.04,309258.61,911.62
110.40,264113.60,309257.94,912.12
110.50,264113.17,309257.27,912.62
110.60,264112.74,309256.59,913.12
110.70,264112.30,309255.91,913.63
110.80,264111.86,309255.24,914.13
110.90,264111.41,309254.57,914.63
111.00,264110.97,309253.90,915.13
111.10,264110.53,309253.22,915.64
111.20,264110.10,309252.55,916.14
111.30,264109.67,309251.87,916.64
111.40,264109.24,309251.19,917.14
111.50,264108.82,309250.50,917.64
111.60,264108.40,309249.82,918.15
111.70,264107.99,309249.13,918.65
111.80,264107.59,309248.44,919.15
111.90,264107.18,309247.75,919.65
112.00,264106.78,309247.05,920.15
112.10,264106.38,309246.35,920.66
112.20,264105.98,309245.66,921.16
112.30,264105.58,309244.96,921.67
112.40,264105.19,309244.26,922.16
112.50,264104.79,309243.55,922.66
112.60,264104.41,309242.85,923.16
112.70,264104.02,309242.15,923.67
112.80,264103.63,309241.45,924.17
112.90,264103.24,309240.76,924.67
113.00,264102.84,309240.05,925.17
113.10,264102.44,309239.35,925.68
113.20,264102.04,309238.65,926.18
113.30,264101.64,309237.96,926.69
113.40,264101.23,309237.26,927.20
113.50,264100.84,309236.56,927.70
113.60,264100.45,309235.86,928.20
113.70,264100.05,309235.16,928.70
113.80,264099.65,309234.46,929.21
113.90,264099.25,309233.76,929.71
114.00,264098.85,309233.05,930.21
114.10,264098.46,309232.35,930.72
114.20,264098.07,309231.65,931.22
114.30,264097.67,309230.95,931.72
114.40,264097.28,309230.25,932.23
114.50,264096.89,309229.55,932.73
114.60,264096.49,309228.85,933.24
114.70,264096.10,309228.14,933.74
114.80,264095.71,309227.44,934.25
114.90,264095.32,309226.73,934.75
115.00,264094.93,309226.03,935.26
115.10,264094.55,309225.32,935.76
115.20,264094.17,309224.61,936.27
115.30,264093.78,309223.91,936.77
115.40,264093.39,309223.21,937.27
115.50,264093.00,309222.50,937.77
115.60,264092.61,309221.80,938.28
115.70,264092.21,309221.10,938.78
115.80,264091.81,309220.40,939.28
115.90,264091.41,309219.70,939.79
116.00,264091.02,309219.00,940.29
116.10,264090.64,309218.29,940.79
116.20,264090.27,309217.59,941.30
116.30,264089.89,309216.87,941.80
116.40,264089.52,309216.16,942.30
116.50,264089.15,309215.45,942.80
116.60,264088.78,309214.73,943.31
116.70,264088.42,309214.01,943.81
116.80,264088.05,309213.29,944.31
116.90,264087.68,309212.58,944.81
117.00,264087.32,309211.87,945.32
117.10,264086.95,309211.15,945.83
117.20,264086.57,309210.44,946.32
117.30,264086.19,309209.73,946.83
117.40,264085.81,309209.02,947.33
117.50,264085.42,309208.31,947.83
117.60,264085.04,309207.61,948.33
117.70,264084.66,309206.90,948.83
117.80,264084.28,309206.19,949.34
117.90,264083.91,309205.48,949.84
118.00,264083.54,309204.77,950.35
118.10,264083.16,309204.05,950.85
118.20,264082.79,309203.34,951.35
118.30,264082.42,309202.63,951.86
118.40,264082.06,309201.91,952.36
118.50,264081.71,309201.19,952.87
118.60,264081.36,309200.47,953.37
118.70,264081.00,309199.75,953.87
118.80,264080.65,309199.02,954.38
118.90,264080.28,309198.31,954.88
119.00,264079.91,309197.59,955.39
119.10,264079.54,309196.88,955.90
119.20,264079.17,309196.16,956.41
119.30,264078.80,309195.44,956.91
119.40,264078.45,309194.72,957.41
119.50,264078.10,309194.01,957.91
119.60,264077.74,309193.28,958.42
119.70,264077.39,309192.56,958.91
119.80,264077.05,309191.84,959.41
119.90,264076.70,309191.11,959.92
120.00,264076.36,309190.38,960.42
120.10,264076.02,309189.65,960.92
120.20,264075.68,309188.92,961.42
120.30,264075.35,309188.19,961.92
120.40,264075.02,309187.46,962.42
120.50,264074.68,309186.73,962.92
120.60,264074.34,309185.99,963.42
120.70,264074.00,309185.26,963.93
120.80,264073.65,309184.54,964.43
120.90,264073.30,309183.81,964.93
121.00,264072.95,309183.09,965.44
121.10,264072.60,309182.36,965.94
121.20,264072.26,309181.63,966.43
121.30,264071.92,309180.91,966.94
121.40,264071.57,309180.17,967.44
121.50,264071.22,309179.45,967.94
121.60,264070.88,309178.72,968.44
121.70,264070.53,309178.00,968.95
121.80,264070.19,309177.27,969.45
121.90,264069.85,309176.54,969.95
122.00,264069.50,309175.81,970.46
122.10,264069.15,309175.08,970.97
122.20,264068.80,309174.36,971.47
122.30,264068.46,309173.63,971.98
122.40,264068.11,309172.90,972.48
122.50,264067.77,309172.18,972.98
122.60,264067.42,309171.45,973.48
122.70,264067.08,309170.72,973.99
122.80,264066.74,309169.99,974.49
122.90,264066.39,309169.27,974.99
123.00,264066.04,309168.54,975.50
123.10,264065.68,309167.81,976.00
123.20,264065.33,309167.09,976.51
123.30,264064.98,309166.36,977.02
123.40,264064.63,309165.64,977.52
123.50,264064.28,309164.91,978.02
123.60,264063.93,309164.19,978.53
123.70,264063.57,309163.47,979.04
123.80,264063.22,309162.75,979.54
123.90,264062.88,309162.02,980.04
124.00,264062.55,309161.29,980.55
124.10,264062.22,309160.55,981.06
124.20,264061.90,309159.82,981.56
124.30,264061.57,309159.08,982.06
124.40,264061.26,309158.35,982.56
124.50,264060.94,309157.61,983.07
124.60,264060.62,309156.87,983.57
124.70,264060.31,309156.13,984.08
124.80,264060.00,309155.39,984.58
124.90,264059.69,309154.65,985.09
125.00,264059.38,309153.91,985.59
125.10,264059.08,309153.16,986.09
125.20,264058.77,309152.42,986.59
125.30,264058.47,309151.67,987.09
125.40,264058.17,309150.93,987.60
125.50,264057.86,309150.18,988.10
125.60,264057.55,309149.43,988.60
125.70,264057.24,309148.69,989.10
125.80,264056.92,309147.95,989.61
125.90,264056.60,309147.22,990.11
126.00,264056.27,309146.48,990.61
126.10,264055.95,309145.74,991.12
126.20,264055.62,309145.00,991.62
126.30,264055.29,309144.27,992.12
126.40,264054.95,309143.55,992.63
126.50,264054.60,309142.82,993.13
126.60,264054.26,309142.09,993.64
126.70,264053.91,309141.37,994.14
126.80,264053.56,309140.65,994.65
126.90,264053.21,309139.92,995.15
127.00,264052.85,309139.21,995.65
127.10,264052.49,309138.48,996.16
127.20,264052.14,309137.76,996.66
127.30,264051.80,309137.04,997.17
127.40,264051.46,309136.32,997.67
127.50,264051.11,309135.59,998.17
127.60,264050.76,309134.86,998.68
127.70,264050.41,309134.14,999.18
127.80,264050.05,309133.41,999.68
127.90,264049.69,309132.69,1000.18
128.00,264049.34,309131.97,1000.69
128.10,264048.97,309131.25,1001.19
128.20,264048.60,309130.53,1001.69
128.30,264048.23,309129.82,1002.20
128.40,264047.86,309129.11,1002.70
128.50,264047.48,309128.39,1003.20
128.60,264047.11,309127.67,1003.70
128.70,264046.74,309126.95,1004.21
128.80,264046.37,309126.24,1004.71
128.90,264046.01,309125.53,1005.22
129.00,264045.64,309124.81,1005.73
129.10,264045.27,309124.10,1006.23
129.20,264044.90,309123.38,1006.74
129.30,264044.53,309122.67,1007.24
129.40,264044.15,309121.95,1007.74
129.50,264043.78,309121.24,1008.24
129.60,264043.42,309120.52,1008.75
129.70,264043.05,309119.80,1009.25
129.80,264042.69,309119.09,1009.75
129.90,264042.32,309118.37,1010.26
130.00,264041.95,309117.66,1010.77
130.10,264041.58,309116.94,1011.27
130.20,264041.21,309116.23,1011.77
130.30,264040.84,309115.51,1012.28
130.40,264040.47,309114.79,1012.78
130.50,264040.10,309114.08,1013.29
130.60,264039.73,309113.37,1013.80
130.70,264039.36,309112.65,1014.30
130.80,264039.00,309111.93,1014.80
130.90,264038.65,309111.21,1015.31
131.00,264038.29,309110.49,1015.81
131.10,264037.93,309109.77,1016.32
131.20,264037.58,309109.05,1016.82
131.30,264037.22,309108.33,1017.33
131.40,264036.86,309107.60,1017.83
131.50,264036.51,309106.88,1018.33
131.60,264036.16,309106.16,1018.84
131.70,264035.82,309105.43,1019.34
131.80,264035.47,309104.71,1019.84
131.90,264035.12,309103.98,1020.35
132.00,264034.77,309103.25,1020.85
132.10,264034.42,309102.53,1021.36
132.20,264034.07,309101.80,1021.87
132.30,264033.73,309101.07,1022.37
132.40,264033.39,309100.34,1022.87
132.50,264033.04,309099.61,1023.38
132.60,264032.70,309098.88,1023.88
132.70,264032.36,309098.15,1024.39
132.80,264032.02,309097.42,1024.89
132.90,264031.68,309096.70,1025.39
133.00,264031.34,309095.97,1025.89
133.10,264031.00,309095.24,1026.40
133.20,264030.66,309094.51,1026.91
133.30,264030.32,309093.78,1027.41
133.40,264029.98,309093.05,1027.91
133.50,264029.62,309092.32,1028.42
133.60,264029.27,309091.60,1028.92
133.70,264028.92,309090.89,1029.42
133.80,264028.58,309090.16,1029.93
133.90,264028.24,309089.43,1030.43
134.00,264027.90,309088.69,1030.94
134.10,264027.57,309087.96,1031.44
134.20,264027.24,309087.23,1031.94
134.30,264026.91,309086.50,1032.45
134.40,264026.58,309085.76,1032.95
134.50,264026.26,309085.02,1033.45
134.60,264025.94,309084.28,1033.96
134.70,264025.62,309083.55,1034.46
134.80,264025.29,309082.81,1034.97
134.90,264024.97,309082.07,1035.47
135.00,264024.66,309081.33,1035.98
135.10,264024.34,309080.59,1036.48
135.20,264024.01,309079.85,1036.98
135.30,264023.67,309079.12,1037.49
135.40,264023.34,309078.39,1037.99
135.50,264023.01,309077.65,1038.50
135.60,264022.68,309076.91,1039.00
135.70,264022.37,309076.18,1039.50
135.80,264022.06,309075.44,1040.01
135.90,264021.76,309074.69,1040.51
136.00,264021.46,309073.94,1041.02
136.10,264021.17,309073.19,1041.53
136.20,264020.87,309072.44,1042.03
136.30,264020.58,309071.70,1042.54
136.40,264020.29,309070.95,1043.04
136.50,264019.99,309070.20,1043.55
136.60,264019.70,309069.45,1044.05
136.70,264019.40,309068.71,1044.55
136.80,264019.10,309067.96,1045.06
136.90,264018.79,309067.22,1045.56
137.00,264018.49,309066.47,1046.07
137.10,264018.18,309065.73,1046.57
137.20,264017.88,309064.99,1047.07
137.30,264017.57,309064.25,1047.58
137.40,264017.26,309063.51,1048.08
137.50,264016.95,309062.76,1048.58
137.60,264016.63,309062.02,1049.09
137.70,264016.30,309061.29,1049.60
137.80,264015.97,309060.55,1050.10
137.90,264015.65,309059.81,1050.61
138.00,264015.34,309059.07,1051.11
138.10,264015.04,309058.33,1051.62
138.20,264014.74,309057.58,1052.12
138.30,264014.44,309056.84,1052.63
138.40,264014.14,309056.09,1053.14
138.50,264013.84,309055.35,1053.64
138.60,264013.54,309054.60,1054.15
138.70,264013.24,309053.85,1054.65
138.80,264012.94,309053.10,1055.16
138.90,264012.64,309052.36,1055.66
139.00,264012.34,309051.61,1056.17
139.10,264012.05,309050.86,1056.67
139.20,264011.75,309050.11,1057.17
139.30,264011.46,309049.36,1057.68
139.40,264011.16,309048.61,1058.18
139.50,264010.86,309047.86,1058.68
139.60,264010.56,309047.11,1059.18
139.70,264010.26,309046.36,1059.69
139.80,264009.96,309045.62,1060.18
139.90,264009.66,309044.87,1060.69
140.00,264009.37,309044.12,1061.20
140.10,264009.08,309043.37,1061.70
140.20,264008.79,309042.62,1062.21
140.30,264008.50,309041.87,1062.71
140.40,264008.21,309041.12,1063.21
140.50,264007.92,309040.37,1063.72
140.60,264007.63,309039.62,1064.22
140.70,264007.34,309038.87,1064.73
140.80,264007.04,309038.12,1065.24
140.90,264006.74,309037.37,1065.74
141.00,264006.45,309036.62,1066.25
141.10,264006.16,309035.87,1066.75
141.20,264005.87,309035.11,1067.25
141.30,264005.58,309034.36,1067.76
141.40,264005.29,309033.61,1068.27
141.50,264005.02,309032.85,1068.78
141.60,264004.75,309032.10,1069.29
141.70,264004.49,309031.34,1069.79
141.80,264004.23,309030.58,1070.30
141.90,264003.96,309029.82,1070.80
142.00,264003.68,309029.06,1071.30
142.10,264003.41,309028.29,1071.80
142.20,264003.14,309027.53,1072.31
142.30,264002.87,309026.78,1072.81
142.40,264002.59,309026.02,1073.32
142.50,264002.31,309025.27,1073.83
142.60,264002.04,309024.51,1074.33
142.70,264001.77,309023.75,1074.84
142.80,264001.50,309023.00,1075.34
142.90,264001.24,309022.23,1075.84
143.00,264000.98,309021.47,1076.34
143.10,264000.72,309020.71,1076.85
143.20,264000.47,309019.95,1077.36
143.30,264000.22,309019.18,1077.87
143.40,263999.98,309018.42,1078.37
143.50,263999.72,309017.66,1078.88
143.60,263999.47,309016.89,1079.38
143.70,263999.21,309016.13,1079.89
143.80,263998.95,309015.37,1080.39
143.90,263998.69,309014.60,1080.90
144.00,263998.44,309013.84,1081.40
144.10,263998.19,309013.08,1081.90
144.20,263997.93,309012.31,1082.41
144.30,263997.68,309011.55,1082.91
144.40,263997.42,309010.79,1083.42
144.50,263997.16,309010.02,1083.92
144.60,263996.90,309009.26,1084.43
144.70,263996.64,309008.50,1084.93
144.80,263996.38,309007.73,1085.44
144.90,263996.13,309006.97,1085.94
145.00,263995.88,309006.21,1086.44
145.10,263995.62,309005.45,1086.95
145.20,263995.36,309004.68,1087.45
145.30,263995.11,309003.92,1087.96
145.40,263994.85,309003.15,1088.46
145.50,263994.59,309002.39,1088.96
145.60,263994.34,309001.63,1089.47
145.70,263994.08,309000.86,1089.97
145.80,263993.84,309000.09,1090.48
145.90,263993.59,308999.33,1090.98
146.00,263993.35,308998.56,1091.49
146.10,263993.11,308997.79,1092.00
146.20,263992.88,308997.02,1092.50
146.30,263992.65,308996.24,1093.00
146.40,263992.42,308995.47,1093.51
146.50,263992.20,308994.70,1094.02
146.60,263991.97,308993.93,1094.52
146.70,263991.73,308993.16,1095.03
146.80,263991.49,308992.39,1095.53
146.90,263991.24,308991.62,1096.02
147.00,263991.00,308990.85,1096.53
147.10,263990.75,308990.09,1097.04
147.20,263990.51,308989.31,1097.54
147.30,263990.28,308988.54,1098.04
147.40,263990.04,308987.77,1098.55
147.50,263989.80,308987.01,1099.05
147.60,263989.56,308986.24,1099.55
147.70,263989.32,308985.47,1100.06
147.80,263989.09,308984.70,1100.56
147.90,263988.86,308983.92,1101.06
148.00,263988.63,308983.15,1101.57
148.10,263988.40,308982.38,1102.07
148.20,263988.17,308981.61,1102.58
148.30,263987.94,308980.84,1103.09
148.40,263987.71,308980.06,1103.60
148.50,263987.49,308979.29,1104.10
148.60,263987.27,308978.52,1104.61
148.70,263987.06,308977.74,1105.11
148.80,263986.84,308976.97,1105.62
148.90,263986.63,308976.19,1106.12
149.00,263986.41,308975.41,1106.62
149.10,263986.19,308974.64,1107.13
149.20,263985.97,308973.86,1107.63
149.30,263985.76,308973.09,1108.13
149.40,263985.55,308972.31,1108.64
149.50,263985.33,308971.54,1109.15
149.60,263985.10,308970.76,1109.65
149.70,263984.88,308969.99,1110.16
149.80,263984.67,308969.22,1110.67
149.90,263984.45,308968.45,1111.18
150.00,263984.23,308967.67,1111.68
150.10,263984.01,308966.89,1112.19
150.20,263983.77,308966.13,1112.70
150.30,263983.53,308965.36,1113.20
150.40,263983.30,308964.59,1113.71
150.50,263983.07,308963.82,1114.21
150.60,263982.84,308963.05,1114.72
150.70,263982.62,308962.27,1115.22
150.80,263982.41,308961.50,1115.72
150.90,263982.19,308960.72,1116.23
151.00,263981.98,308959.95,1116.73
151.10,263981.76,308959.17,1117.24
151.20,263981.54,308958.40,1117.74
151.30,263981.32,308957.62,1118.24
151.40,263981.09,308956.85,1118.75
151.50,263980.87,308956.07,1119.26
151.60,263980.65,308955.30,1119.76
151.70,263980.42,308954.53,1120.27
151.80,263980.20,308953.76,1120.77
151.90,263979.99,308952.98,1121.28
152.00,263979.77,308952.20,1121.78
152.10,263979.55,308951.43,1122.29
152.20,263979.34,308950.65,1122.80
152.30,263979.14,308949.86,1123.30
152.40,263978.94,308949.08,1123.81
152.50,263978.73,308948.30,1124.32
152.60,263978.52,308947.53,1124.82
152.70,263978.31,308946.75,1125.33
152.80,263978.10,308945.98,1125.84
152.90,263977.89,308945.20,1126.34
153.00,263977.68,308944.42,1126.85
153.10,263977.47,308943.65,1127.35
153.20,263977.26,308942.87,1127.86
153.30,263977.06,308942.09,1128.36
153.40,263976.85,308941.31,1128.87
153.50,263976.63,308940.53,1129.37
153.60,263976.42,308939.76,1129.87
153.70,263976.21,308938.98,1130.38
153.80,263975.99,308938.20,1130.89
153.90,263975.78,308937.42,1131.40
154.00,263975.57,308936.64,1131.91
154.10,263975.35,308935.87,1132.41
154.20,263975.12,308935.10,1132.92
154.30,263974.89,308934.32,1133.42
154.40,263974.65,308933.56,1133.92
154.50,263974.41,308932.79,1134.43
154.60,263974.18,308932.02,1134.94
154.70,263973.95,308931.24,1135.44
154.80,263973.72,308930.47,1135.94
154.90,263973.49,308929.70,1136.45
155.00,263973.26,308928.93,1136.96
155.10,263973.03,308928.16,1137.46
155.20,263972.80,308927.38,1137.97
155.30,263972.58,308926.61,1138.47
155.40,263972.35,308925.83,1138.97
155.50,263972.14,308925.06,1139.48
155.60,263971.92,308924.28,1139.98
155.70,263971.71,308923.51,1140.48
155.80,263971.50,308922.73,1140.98
155.90,263971.29,308921.96,1141.49
156.00,263971.06,308921.18,1142.00
156.10,263970.84,308920.40,1142.50
156.20,263970.62,308919.63,1143.01
156.30,263970.39,308918.86,1143.51
156.40,263970.17,308918.08,1144.02
156.50,263969.94,308917.31,1144.53
156.60,263969.70,308916.55,1145.03
156.70,263969.47,308915.78,1145.54
156.80,263969.23,308915.01,1146.04
156.90,263968.99,308914.24,1146.55
157.00,263968.76,308913.47,1147.05
157.10,263968.53,308912.70,1147.56
157.20,263968.28,308911.93,1148.06
157.30,263968.04,308911.17,1148.57
157.40,263967.79,308910.40,1149.07
157.50,263967.53,308909.63,1149.58
157.60,263967.28,308908.87,1150.08
157.70,263967.02,308908.10,1150.58
157.80,263966.76,308907.34,1151.09
157.90,263966.49,308906.58,1151.60
158.00,263966.22,308905.82,1152.10
158.10,263965.95,308905.06,1152.61
158.20,263965.69,308904.29,1153.11
158.30,263965.42,308903.53,1153.62
158.40,263965.16,308902.77,1154.13
158.50,263964.91,308902.00,1154.63
158.60,263964.66,308901.24,1155.13
158.70,263964.40,308900.47,1155.64
158.80,263964.14,308899.71,1156.15
158.90,263963.87,308898.95,1156.65
159.00,263963.60,308898.19,1157.15
159.10,263963.33,308897.42,1157.66
159.20,263963.07,308896.67,1158.17
159.30,263962.81,308895.90,1158.67
159.40,263962.55,308895.14,1159.18
159.50,263962.29,308894.38,1159.69
159.60,263962.05,308893.61,1160.19
159.70,263961.80,308892.85,1160.70
159.80,263961.55,308892.08,1161.20
159.90,263961.32,308891.32,1161.71
160.00,263961.08,308890.55,1162.21
160.10,263960.86,308889.77,1162.72
160.20,263960.63,308889.00,1163.23
160.30,263960.41,308888.23,1163.73
160.40,263960.19,308887.45,1164.24
160.50,263959.98,308886.68,1164.74
160.60,263959.77,308885.90,1165.25
160.70,263959.56,308885.12,1165.75
160.80,263959.34,308884.34,1166.25
160.90,263959.13,308883.57,1166.76
161.00,263958.91,308882.79,1167.27
161.10,263958.70,308882.02,1167.78
161.20,263958.49,308881.24,1168.28
161.30,263958.29,308880.46,1168.79
161.40,263958.08,308879.68,1169.29
161.50,263957.87,308878.90,1169.80
161.60,263957.66,308878.12,1170.30
161.70,263957.46,308877.34,1170.81
161.80,263957.26,308876.56,1171.31
161.90,263957.05,308875.78,1171.81
162.00,263956.84,308875.00,1172.32
162.10,263956.63,308874.22,1172.83
162.20,263956.41,308873.45,1173.33
162.30,263956.19,308872.67,1173.84
162.40,263955.98,308871.90,1174.35
162.50,263955.77,308871.12,1174.85
162.60,263955.57,308870.34,1175.36
162.70,263955.36,308869.56,1175.86
162.80,263955.16,308868.78,1176.37
162.90,263954.96,308868.00,1176.87
163.00,263954.76,308867.22,1177.37
163.10,263954.55,308866.44,1177.88
163.20,263954.34,308865.66,1178.38
163.30,263954.14,308864.88,1178.88
163.40,263953.95,308864.09,1179.39
163.50,263953.75,308863.31,1179.90
163.60,263953.56,308862.53,1180.40
163.70,263953.37,308861.75,1180.91
163.80,263953.18,308860.96,1181.42
163.90,263952.99,308860.18,1181.92
164.00,263952.80,308859.40,1182.42
164.10,263952.60,308858.62,1182.93
164.20,263952.40,308857.83,1183.43
164.30,263952.20,308857.05,1183.94
164.40,263951.99,308856.28,1184.45
164.50,263951.78,308855.50,1184.95
164.60,263951.57,308854.72,1185.46
164.70,263951.36,308853.94,1185.96
164.80,263951.15,308853.16,1186.47
164.90,263950.95,308852.39,1186.97
165.00,263950.73,308851.61,1187.48
165.10,263950.52,308850.83,1187.98
165.20,263950.31,308850.05,1188.49
165.30,263950.10,308849.28,1188.99
165.40,263949.88,308848.51,1189.50
165.50,263949.65,308847.74,1190.00
165.60,263949.44,308846.96,1190.51
165.70,263949.22,308846.18,1191.01
165.80,263949.00,308845.40,1191.52
165.90,263948.79,308844.62,1192.03
166.00,263948.57,308843.85,1192.53
166.10,263948.34,308843.07,1193.03
166.20,263948.11,308842.31,1193.53
166.30,263947.87,308841.54,1194.04
166.40,263947.63,308840.77,1194.54
166.50,263947.39,308840.00,1195.05
166.60,263947.16,308839.23,1195.55
166.70,263946.93,308838.46,1196.06
166.80,263946.69,308837.69,1196.56
166.90,263946.45,308836.92,1197.06
167.00,263946.21,308836.15,1197.56
167.10,263945.98,308835.38,1198.06
167.20,263945.73,308834.61,1198.57
167.30,263945.49,308833.85,1199.08
167.40,263945.23,308833.08,1199.58
167.50,263944.98,308832.32,1200.09
167.60,263944.74,308831.55,1200.59
167.70,263944.50,308830.78,1201.10
167.80,263944.26,308830.01,1201.61
167.90,263944.02,308829.24,1202.11
168.00,263943.78,308828.47,1202.62
168.10,263943.53,308827.70,1203.12
0.10,264300.00,309370.01,741.21
0.20,264300.01,309370.03,741.23
0.30,264300.03,309370.06,741.25
0.40,264300.06,309370.11,741.28
0.50,264300.08,309370.18,741.32
0.60,264300.10,309370.26,741.37
0.70,264300.13,309370.36,741.42
0.80,264300.16,309370.47,741.48
0.90,264300.19,309370.59,741.56
1.00,264300.24,309370.73,741.64
1.10,264300.28,309370.88,741.72
1.20,264300.34,309371.06,741.82
1.30,264300.40,309371.25,741.92
1.40,264300.48,309371.45,742.03
1.50,264300.57,309371.67,742.15
1.60,264300.67,309371.90,742.28
1.70,264300.79,309372.14,742.42
1.80,264300.91,309372.41,742.56
1.90,264301.05,309372.70,742.71
2.00,264301.19,309373.00,742.87
2.10,264301.34,309373.32,743.03
2.20,264301.50,309373.67,743.19
2.30,264301.68,309374.04,743.36
2.40,264301.87,309374.41,743.53
2.50,264302.07,309374.80,743.72
2.60,264302.28,309375.20,743.92
2.70,264302.51,309375.61,744.13
2.80,264302.75,309376.02,744.34
2.90,264303.00,309376.45,744.57
3.00,264303.26,309376.89,744.80
3.10,264303.53,309377.35,745.04
3.20,264303.82,309377.83,745.28
3.30,264304.12,309378.32,745.53
3.40,264304.43,309378.83,745.78
3.50,264304.76,309379.35,746.04
3.60,264305.09,309379.88,746.31
3.70,264305.45,309380.42,746.59
3.80,264305.81,309380.98,746.87
3.90,264306.19,309381.55,747.17
4.00,264306.59,309382.13,747.47
4.10,264307.00,309382.72,747.76
4.20,264307.42,309383.33,748.07
4.30,264307.85,309383.96,748.38
4.40,264308.29,309384.59,748.69
4.50,264308.73,309385.25,749.01
4.60,264309.17,309385.92,749.33
4.70,264309.62,309386.59,749.65
4.80,264310.07,309387.27,749.98
4.90,264310.53,309387.94,750.30
5.00,264310.99,309388.60,750.63
5.10,264311.45,309389.27,750.98
5.20,264311.92,309389.93,751.33
5.30,264312.39,309390.59,751.69
5.40,264312.85,309391.25,752.05
5.50,264313.32,309391.91,752.42
5.60,264313.78,309392.57,752.79
5.70,264314.23,309393.24,753.15
5.80,264314.70,309393.91,753.51
5.90,264315.16,309394.57,753.88
6.00,264315.63,309395.23,754.25
6.10,264316.11,309395.89,754.62
6.20,264316.59,309396.54,754.99
6.30,264317.08,309397.19,755.37
6.40,264317.57,309397.83,755.74
6.50,264318.07,309398.47,756.13
6.60,264318.57,309399.11,756.51
6.70,264319.07,309399.74,756.90
6.80,264319.58,309400.38,757.29
6.90,264320.09,309401.01,757.70
7.00,264320.61,309401.63,758.11
7.10,264321.13,309402.25,758.53
7.20,264321.65,309402.87,758.96
7.30,264322.17,309403.49,759.40
7.40,264322.69,309404.10,759.84
7.50,264323.21,309404.72,760.27
7.60,264323.73,309405.34,760.71
7.70,264324.26,309405.95,761.13
7.80,264324.78,309406.57,761.57
7.90,264325.31,309407.18,762.01
8.00,264325.84,309407.80,762.46
8.10,264326.36,309408.41,762.92
8.20,264326.89,309409.03,763.38
8.30,264327.41,309409.65,763.84
8.40,264327.93,309410.26,764.30
8.50,264328.46,309410.87,764.76
8.60,264328.98,309411.49,765.23
8.70,264329.50,309412.10,765.69
8.80,264330.02,309412.72,766.16
8.90,264330.55,309413.35,766.63
9.00,264331.07,309413.96,767.11
9.10,264331.59,309414.58,767.60
9.20,264332.11,309415.19,768.08
9.30,264332.64,309415.81,768.56
9.40,264333.17,309416.43,769.04
9.50,264333.69,309417.04,769.53
9.60,264334.22,309417.65,770.01
9.70,264334.75,309418.26,770.50
9.80,264335.27,309418.87,770.99
9.90,264335.80,309419.48,771.49
10.00,264336.32,309420.10,771.99
10.10,264336.85,309420.71,772.49
10.20,264337.37,309421.33,772.99
10.30,264337.89,309421.95,773.49
10.40,264338.42,309422.56,773.99
10.50,264338.95,309423.17,774.50
10.60,264339.48,309423.78,774.99
10.70,264340.02,309424.38,775.48
10.80,264340.56,309424.98,775.97
10.90,264341.09,309425.59,776.46
11.00,264341.64,309426.19,776.95
11.10,264342.18,309426.79,777.44
11.20,264342.72,309427.39,777.95
11.30,264343.27,309427.99,778.45
11.40,264343.81,309428.59,778.95
11.50,264344.36,309429.18,779.45
11.60,264344.90,309429.78,779.95
11.70,264345.44,309430.39,780.45
11.80,264345.98,309430.99,780.95
11.90,264346.52,309431.60,781.45
12.00,264347.06,309432.20,781.94
12.10,264347.59,309432.80,782.43
12.20,264348.13,309433.41,782.91
12.30,264348.67,309434.02,783.39
12.40,264349.21,309434.62,783.87
12.50,264349.75,309435.22,784.36
12.60,264350.30,309435.82,784.86
12.70,264350.84,309436.42,785.36
12.80,264351.39,309437.02,785.85
12.90,264351.93,309437.62,786.35
13.00,264352.47,309438.22,786.84
13.10,264353.01,309438.83,787.33
13.20,264353.55,309439.43,787.82
13.30,264354.09,309440.03,788.31
13.40,264354.64,309440.64,788.80
13.50,264355.18,309441.24,789.29
13.60,264355.72,309441.84,789.78
13.70,264356.27,309442.44,790.27
13.80,264356.81,309443.03,790.75
13.90,264357.35,309443.63,791.25
14.00,264357.90,309444.23,791.74
14.10,264358.44,309444.84,792.24
14.20,264358.98,309445.44,792.74
14.30,264359.52,309446.05,793.23
14.40,264360.06,309446.65,793.73
14.50,264360.59,309447.25,794.22
14.60,264361.12,309447.86,794.71
14.70,264361.66,309448.47,795.20
14.80,264362.19,309449.08,795.68
14.90,264362.73,309449.68,796.17
15.00,264363.26,309450.29,796.66
15.10,264363.81,309450.89,797.16
15.20,264364.35,309451.49,797.66
15.30,264364.90,309452.09,798.16
15.40,264365.44,309452.69,798.66
15.50,264365.99,309453.29,799.15
15.60,264366.53,309453.89,799.65
15.70,264367.08,309454.49,800.16
15.80,264367.62,309455.09,800.66
15.90,264368.16,309455.70,801.16
16.00,264368.70,309456.30,801.66
16.10,264369.25,309456.90,802.16
16.20,264369.79,309457.50,802.67
16.30,264370.34,309458.10,803.16
16.40,264370.89,309458.69,803.66
16.50,264371.44,309459.29,804.15
16.60,264372.00,309459.87,804.62
16.70,264372.56,309460.47,805.10
16.80,264373.12,309461.06,805.58
16.90,264373.67,309461.64,806.05
17.00,264374.23,309462.23,806.53
17.10,264374.79,309462.81,807.01
17.20,264375.35,309463.40,807.47
17.30,264375.90,309463.99,807.94
17.40,264376.46,309464.59,808.40
17.50,264377.01,309465.18,808.86
17.60,264377.57,309465.77,809.32
17.70,264378.12,309466.36,809.78
17.80,264378.68,309466.94,810.23
17.90,264379.23,309467.53,810.68
18.00,264379.79,309468.11,811.12
18.10,264380.36,309468.69,811.58
18.20,264380.92,309469.27,812.03
18.30,264381.48,309469.86,812.49
18.40,264382.05,309470.44,812.95
18.50,264382.62,309471.02,813.41
18.60,264383.19,309471.60,813.87
18.70,264383.77,309472.17,814.32
18.80,264384.34,309472.75,814.77
18.90,264384.90,309473.33,815.22
19.00,264385.46,309473.91,815.66
19.10,264386.02,309474.49,816.10
19.20,264386.59,309475.07,816.54
19.30,264387.15,309475.65,816.99
19.40,264387.73,309476.22,817.42
19.50,264388.31,309476.78,817.86
19.60,264388.90,309477.34,818.30
19.70,264389.48,309477.90,818.73
19.80,264390.05,309478.47,819.16
19.90,264390.64,309479.03,819.59
20.00,264391.22,309479.60,820.02
20.10,264391.79,309480.17,820.45
20.20,264392.36,309480.74,820.87
20.30,264392.93,309481.31,821.30
20.40,264393.50,309481.89,821.72
20.50,264394.07,309482.46,822.14
20.60,264394.64,309483.03,822.55
20.70,264395.20,309483.61,822.97
20.80,264395.77,309484.19,823.38
20.90,264396.34,309484.77,823.80
21.00,264396.91,309485.34,824.21
21.10,264397.48,309485.91,824.63
21.20,264398.05,309486.49,825.04
21.30,264398.62,309487.06,825.45
21.40,264399.18,309487.63,825.86
21.50,264399.75,309488.21,826.26
21.60,264400.31,309488.79,826.66
21.70,264400.87,309489.38,827.06
21.80,264401.42,309489.97,827.46
21.90,264401.99,309490.56,827.84
22.00,264402.55,309491.15,828.23
22.10,264403.11,309491.73,828.62
22.20,264403.67,309492.32,829.01
22.30,264404.22,309492.91,829.38
22.40,264404.77,309493.51,829.75
22.50,264405.33,309494.09,830.12
22.60,264405.89,309494.68,830.48
22.70,264406.44,309495.26,830.84
22.80,264407.00,309495.85,831.20
22.90,264407.56,309496.43,831.55
23.00,264408.12,309497.01,831.89
23.10,264408.69,309497.59,832.24
23.20,264409.26,309498.17,832.58
23.30,264409.83,309498.74,832.92
23.40,264410.40,309499.31,833.26
23.50,264410.96,309499.89,833.59
23.60,264411.52,309500.48,833.92
23.70,264412.07,309501.07,834.25
23.80,264412.62,309501.66,834.56
23.90,264413.16,309502.25,834.87
24.00,264413.71,309502.84,835.17
24.10,264414.25,309503.44,835.47
24.20,264414.80,309504.04,835.76
24.30,264415.34,309504.63,836.04
24.40,264415.87,309505.24,836.32
24.50,264416.41,309505.85,836.60
24.60,264416.94,309506.46,836.87
24.70,264417.48,309507.06,837.15
24.80,264418.03,309507.66,837.43
24.90,264418.58,309508.26,837.70
25.00,264419.13,309508.85,837.96
25.10,264419.68,309509.45,838.22
25.20,264420.24,309510.04,838.47
25.30,264420.80,309510.63,838.72
25.40,264421.36,309511.21,838.97
25.50,264421.91,309511.80,839.22
25.60,264422.47,309512.39,839.46
25.70,264423.03,309512.97,839.69
25.80,264423.59,309513.56,839.92
25.90,264424.15,309514.15,840.14
26.00,264424.72,309514.73,840.36
26.10,264425.29,309515.31,840.57
26.20,264425.85,309515.88,840.77
26.30,264426.41,309516.45,840.96
26.40,264426.98,309517.03,841.15
26.50,264427.54,309517.60,841.34
26.60,264428.11,309518.18,841.52
26.70,264428.67,309518.76,841.69
26.80,264429.24,309519.34,841.86
26.90,264429.82,309519.91,842.01
27.00,264430.40,309520.49,842.16
27.10,264430.98,309521.05,842.29
27.20,264431.56,309521.61,842.42
27.30,264432.15,309522.17,842.55
27.40,264432.73,309522.73,842.67
27.50,264433.32,309523.28,842.79
27.60,264433.92,309523.83,842.90
27.70,264434.51,309524.38,843.00
27.80,264435.10,309524.94,843.10
27.90,264435.69,309525.49,843.20
28.00,264436.29,309526.03,843.31
28.10,264436.89,309526.58,843.40
28.20,264437.48,309527.12,843.50
28.30,264438.08,309527.66,843.59
28.40,264438.68,309528.21,843.68
28.50,264439.29,309528.74,843.78
28.60,264439.90,309529.27,843.87
28.70,264440.51,309529.80,843.97
28.80,264441.13,309530.33,844.06
28.90,264441.74,309530.85,844.15
29.00,264442.35,309531.38,844.23
29.10,264442.95,309531.92,844.30
29.20,264443.56,309532.46,844.37
29.30,264444.18,309532.99,844.42
29.40,264444.79,309533.51,844.47
29.50,264445.40,309534.04,844.51
29.60,264446.00,309534.57,844.54
29.70,264446.61,309535.11,844.57
29.80,264447.22,309535.65,844.59
29.90,264447.83,309536.18,844.62
30.00,264448.43,309536.71,844.64
30.10,264449.04,309537.24,844.66
30.20,264449.65,309537.77,844.67
30.30,264450.26,309538.30,844.67
30.40,264450.87,309538.83,844.67
30.50,264451.49,309539.36,844.65
30.60,264452.10,309539.88,844.62
30.70,264452.72,309540.40,844.58
30.80,264453.34,309540.93,844.54
30.90,264453.95,309541.46,844.49
31.00,264454.57,309541.98,844.44
31.10,264455.18,309542.50,844.40
31.20,264455.79,309543.02,844.34
31.30,264456.41,309543.55,844.29
31.40,264457.02,309544.08,844.23
31.50,264457.63,309544.61,844.17
31.60,264458.24,309545.13,844.10
31.70,264458.85,309545.66,844.03
31.80,264459.46,309546.19,843.95
31.90,264460.08,309546.72,843.87
32.00,264460.70,309547.24,843.78
32.10,264461.32,309547.76,843.69
32.20,264461.94,309548.28,843.60
32.30,264462.57,309548.79,843.51
32.40,264463.20,309549.30,843.41
32.50,264463.82,309549.80,843.30
32.60,264464.45,309550.31,843.19
32.70,264465.09,309550.82,843.07
32.80,264465.72,309551.32,842.95
32.90,264466.36,309551.82,842.82
33.00,264467.00,309552.33,842.69
33.10,264467.63,309552.83,842.55
33.20,264468.26,309553.33,842.41
33.30,264468.89,309553.83,842.26
33.40,264469.52,309554.33,842.11
33.50,264470.15,309554.84,841.94
33.60,264470.79,309555.33,841.78
33.70,264471.43,309555.83,841.61
33.80,264472.07,309556.33,841.44
33.90,264472.72,309556.82,841.25
34.00,264473.36,309557.31,841.04
34.10,264474.01,309557.80,840.84
34.20,264474.65,309558.29,840.63
34.30,264475.28,309558.78,840.40
34.40,264475.91,309559.28,840.17
34.50,264476.55,309559.78,839.94
34.60,264477.17,309560.29,839.69
34.70,264477.80,309560.81,839.45
34.80,264478.42,309561.32,839.19
34.90,264479.05,309561.84,838.92
35.00,264479.67,309562.35,838.65
35.10,264480.30,309562.85,838.38
35.20,264480.93,309563.36,838.09
35.30,264481.55,309563.87,837.80
35.40,264482.18,309564.37,837.49
35.50,264482.81,309564.88,837.18
35.60,264483.44,309565.39,836.86
35.70,264484.06,309565.89,836.54
35.80,264484.69,309566.40,836.20
35.90,264485.32,309566.91,835.85
36.00,264485.95,309567.41,835.49
36.10,264486.58,309567.92,835.12
36.20,264487.20,309568.43,834.76
36.30,264487.83,309568.94,834.38
36.40,264488.45,309569.45,834.00
36.50,264489.07,309569.96,833.61
36.60,264489.70,309570.47,833.21
36.70,264490.32,309570.97,832.81
36.80,264490.95,309571.48,832.41
36.90,264491.58,309571.98,832.01
37.00,264492.21,309572.49,831.60
37.10,264492.84,309573.00,831.18
37.20,264493.48,309573.50,830.76
37.30,264494.12,309574.00,830.32
37.40,264494.75,309574.49,829.88
37.50,264495.39,309574.99,829.42
37.60,264496.02,309575.49,828.95
37.70,264496.67,309575.98,828.46
37.80,264497.31,309576.47,827.97
37.90,264497.95,309576.96,827.48
38.00,264498.60,309577.44,826.99
38.10,264499.24,309577.93,826.49
38.20,264499.87,309578.42,825.99
38.30,264500.50,309578.92,825.49
38.40,264501.14,309579.42,824.98
38.50,264501.78,309579.91,824.48
38.60,264502.41,309580.41,823.97
38.70,264503.04,309580.91,823.47
38.80,264503.67,309581.41,822.96
38.90,264504.31,309581.91,822.46
39.00,264504.95,309582.40,821.95
39.10,264505.59,309582.90,821.45
39.20,264506.23,309583.39,820.95
39.30,264506.87,309583.89,820.45
39.40,264507.51,309584.38,819.94
39.50,264508.14,309584.87,819.44
39.60,264508.78,309585.36,818.93
39.70,264509.41,309585.86,818.43
39.80,264510.04,309586.36,817.92
39.90,264510.68,309586.86,817.42
40.00,264511.32,309587.35,816.91
40.10,264511.96,309587.85,816.41
40.20,264512.60,309588.34,815.91
40.30,264513.24,309588.83,815.41
40.40,264513.89,309589.32,814.91
40.50,264514.54,309589.81,814.40
40.60,264515.19,309590.29,813.90
40.70,264515.83,309590.77,813.39
40.80,264516.48,309591.25,812.89
40.90,264517.12,309591.74,812.38
41.00,264517.76,309592.23,811.88
41.10,264518.40,309592.72,811.37
41.20,264519.04,309593.21,810.87
41.30,264519.68,309593.70,810.36
41.40,264520.32,309594.19,809.86
41.50,264520.96,309594.68,809.36
41.60,264521.60,309595.18,808.86
41.70,264522.24,309595.66,808.36
41.80,264522.88,309596.15,807.85
41.90,264523.53,309596.63,807.34
42.00,264524.18,309597.12,806.84
42.10,264524.83,309597.59,806.33
42.20,264525.48,309598.06,805.83
42.30,264526.13,309598.54,805.32
42.40,264526.79,309599.01,804.82
42.50,264527.44,309599.49,804.32
42.60,264528.09,309599.96,803.81
