time,x,y,z
10.70,264368.85,309374.55,743.97
10.80,264369.65,309374.58,743.98
10.90,264370.46,309374.61,743.98
11.00,264371.27,309374.64,743.99
11.10,264372.08,309374.68,743.98
11.20,264372.89,309374.71,743.98
11.30,264373.69,309374.74,743.98
11.40,264374.50,309374.76,743.98
11.50,264375.32,309374.77,743.98
11.60,264376.13,309374.79,743.99
11.70,264376.93,309374.80,744.00
11.80,264377.74,309374.81,744.01
11.90,264378.55,309374.82,744.02
12.00,264379.35,309374.83,744.01
12.10,264380.16,309374.83,744.00
12.20,264380.97,309374.83,743.99
12.30,264381.78,309374.83,743.97
12.40,264382.59,309374.84,743.95
12.50,264383.40,309374.84,743.93
12.60,264384.21,309374.84,743.91
0.10,264300.01,309370.00,741.21
0.20,264300.04,309370.00,741.23
0.30,264300.10,309370.00,741.26
0.40,264300.18,309370.00,741.29
0.50,264300.28,309370.00,741.33
0.60,264300.40,309370.01,741.37
0.70,264300.55,309370.02,741.42
0.80,264300.73,309370.03,741.48
0.90,264300.94,309370.05,741.54
1.00,264301.18,309370.07,741.61
1.10,264301.44,309370.10,741.68
1.20,264301.73,309370.13,741.76
1.30,264302.04,309370.17,741.85
1.40,264302.37,309370.21,741.96
1.50,264302.73,309370.26,742.07
1.60,264303.12,309370.31,742.19
1.70,264303.53,309370.37,742.31
1.80,264303.98,309370.42,742.44
1.90,264304.44,309370.48,742.57
2.00,264304.94,309370.55,742.71
2.10,264305.45,309370.62,742.85
2.20,264305.99,309370.70,743.00
2.30,264306.55,309370.78,743.15
2.40,264307.14,309370.88,743.30
2.50,264307.75,309370.99,743.47
2.60,264308.39,309371.10,743.65
2.70,264309.05,309371.22,743.83
2.80,264309.75,309371.34,744.02
2.90,264310.47,309371.46,744.22
3.00,264311.22,309371.59,744.42
3.10,264312.00,309371.72,744.64
3.20,264312.80,309371.86,744.86
3.30,264313.61,309371.99,745.08
3.40,264314.41,309372.13,745.30
3.50,264315.22,309372.26,745.52
3.60,264316.02,309372.40,745.76
3.70,264316.82,309372.54,746.00
3.80,264317.62,309372.67,746.25
3.90,264318.43,309372.80,746.51
4.00,264319.23,309372.93,746.76
4.10,264320.03,309373.07,747.02
4.20,264320.83,309373.21,747.30
4.30,264321.64,309373.34,747.58
4.40,264322.44,309373.47,747.87
4.50,264323.25,309373.59,748.17
4.60,264324.05,309373.71,748.48
4.70,264324.85,309373.82,748.79
4.80,264325.66,309373.93,749.11
4.90,264326.46,309374.03,749.44
5.00,264327.27,309374.14,749.77
5.10,264328.08,309374.23,750.12
5.20,264328.88,309374.33,750.46
5.30,264329.69,309374.44,750.82
5.40,264330.49,309374.54,751.18
5.50,264331.29,309374.64,751.56
5.60,264332.10,309374.75,751.94
5.70,264332.91,309374.86,752.33
5.80,264333.72,309374.97,752.73
5.90,264334.52,309375.08,753.13
6.00,264335.33,309375.19,753.54
6.10,264336.13,309375.30,753.95
6.20,264336.93,309375.40,754.37
6.30,264337.74,309375.52,754.79
6.40,264338.54,309375.63,755.22
6.50,264339.35,309375.73,755.65
6.60,264340.16,309375.83,756.08
6.70,264340.96,309375.93,756.51
6.80,264341.77,309376.02,756.95
6.90,264342.57,309376.10,757.38
7.00,264343.38,309376.19,757.82
7.10,264344.19,309376.27,758.26
7.20,264345.00,309376.35,758.71
7.30,264345.81,309376.42,759.16
7.40,264346.62,309376.49,759.61
7.50,264347.43,309376.56,760.06
7.60,264348.25,309376.64,760.52
7.70,264349.06,309376.72,760.98
7.80,264349.87,309376.79,761.45
7.90,264350.68,309376.86,761.93
8.00,264351.49,309376.93,762.40
8.10,264352.30,309377.00,762.87
8.20,264353.11,309377.07,763.35
8.30,264353.92,309377.14,763.85
8.40,264354.73,309377.20,764.35
8.50,264355.54,309377.26,764.85
8.60,264356.35,309377.31,765.35
8.70,264357.17,309377.36,765.85
8.80,264357.98,309377.41,766.35
8.90,264358.79,309377.46,766.86
9.00,264359.61,309377.52,767.36
9.10,264360.42,309377.59,767.87
9.20,264361.23,309377.66,768.37
9.30,264362.04,309377.74,768.87
9.40,264362.84,309377.82,769.38
9.50,264363.65,309377.90,769.88
9.60,264364.47,309377.98,770.38
9.70,264365.27,309378.06,770.88
9.80,264366.08,309378.13,771.38
9.90,264366.90,309378.21,771.88
10.00,264367.71,309378.29,772.38
10.10,264368.51,309378.38,772.89
10.20,264369.32,309378.46,773.39
10.30,264370.13,309378.55,773.89
10.40,264370.94,309378.64,774.39
10.50,264371.75,309378.73,774.89
10.60,264372.56,309378.82,775.39
10.70,264373.37,309378.89,775.89
10.80,264374.17,309378.97,776.40
10.90,264374.98,309379.05,776.90
11.00,264375.79,309379.12,777.40
11.10,264376.61,309379.20,777.90
11.20,264377.42,309379.27,778.41
11.30,264378.23,309379.35,778.91
11.40,264379.04,309379.42,779.41
11.50,264379.84,309379.50,779.91
11.60,264380.66,309379.57,780.42
11.70,264381.47,309379.65,780.92
11.80,264382.27,309379.72,781.42
11.90,264383.09,309379.80,781.91
12.00,264383.89,309379.87,782.40
12.10,264384.71,309379.94,782.90
12.20,264385.52,309380.00,783.40
12.30,264386.33,309380.06,783.90
12.40,264387.14,309380.12,784.40
12.50,264387.96,309380.18,784.91
12.60,264388.76,309380.24,785.41
12.70,264389.57,309380.30,785.91
12.80,264390.38,309380.35,786.41
12.90,264391.19,309380.41,786.92
13.00,264392.01,309380.46,787.42
13.10,264392.82,309380.51,787.92
13.20,264393.63,309380.57,788.42
13.30,264394.44,309380.62,788.93
13.40,264395.25,309380.68,789.43
13.50,264396.07,309380.73,789.93
13.60,264396.88,309380.79,790.43
13.70,264397.69,309380.84,790.94
13.80,264398.50,309380.90,791.43
13.90,264399.32,309380.96,791.93
14.00,264400.13,309381.02,792.44
14.10,264400.94,309381.08,792.94
14.20,264401.75,309381.12,793.44
14.30,264402.56,309381.17,793.95
14.40,264403.37,309381.21,794.45
14.50,264404.18,309381.26,794.95
14.60,264405.00,309381.30,795.44
14.70,264405.81,309381.35,795.94
14.80,264406.62,309381.39,796.44
14.90,264407.44,309381.44,796.94
15.00,264408.25,309381.47,797.45
15.10,264409.06,309381.51,797.95
15.20,264409.88,309381.54,798.46
15.30,264410.69,309381.57,798.96
15.40,264411.50,309381.61,799.46
15.50,264412.31,309381.63,799.97
15.60,264413.13,309381.66,800.46
15.70,264413.94,309381.68,800.96
15.80,264414.75,309381.70,801.46
15.90,264415.56,309381.72,801.96
16.00,264416.37,309381.74,802.47
16.10,264417.18,309381.76,802.97
16.20,264417.99,309381.78,803.46
16.30,264418.81,309381.80,803.96
16.40,264419.62,309381.83,804.46
16.50,264420.44,309381.85,804.96
16.60,264421.25,309381.87,805.47
16.70,264422.06,309381.89,805.97
16.80,264422.87,309381.91,806.47
16.90,264423.68,309381.92,806.97
17.00,264424.50,309381.94,807.46
17.10,264425.31,309381.95,807.96
17.20,264426.12,309381.96,808.46
17.30,264426.93,309381.97,808.96
17.40,264427.75,309381.98,809.46
17.50,264428.56,309381.99,809.97
17.60,264429.38,309382.00,810.47
17.70,264430.19,309382.02,810.98
17.80,264431.01,309382.03,811.48
17.90,264431.82,309382.05,811.98
18.00,264432.63,309382.06,812.48
18.10,264433.44,309382.07,812.97
18.20,264434.25,309382.09,813.48
18.30,264435.06,309382.11,813.98
18.40,264435.88,309382.12,814.48
18.50,264436.69,309382.13,814.99
18.60,264437.50,309382.14,815.50
18.70,264438.32,309382.15,816.00
18.80,264439.13,309382.15,816.50
18.90,264439.94,309382.15,817.00
19.00,264440.76,309382.16,817.49
19.10,264441.57,309382.16,817.99
19.20,264442.38,309382.17,818.50
19.30,264443.19,309382.17,819.00
19.40,264444.01,309382.17,819.51
19.50,264444.82,309382.17,820.01
19.60,264445.63,309382.17,820.51
19.70,264446.44,309382.16,821.02
19.80,264447.25,309382.15,821.52
19.90,264448.07,309382.14,822.02
20.00,264448.88,309382.13,822.53
20.10,264449.69,309382.11,823.03
20.20,264450.51,309382.10,823.53
20.30,264451.32,309382.08,824.03
20.40,264452.13,309382.06,824.54
20.50,264452.94,309382.03,825.03
20.60,264453.76,309382.01,825.54
20.70,264454.57,309381.99,826.04
20.80,264455.38,309381.96,826.54
20.90,264456.20,309381.94,827.04
21.00,264457.01,309381.91,827.54
21.10,264457.82,309381.88,828.04
21.20,264458.64,309381.85,828.54
21.30,264459.45,309381.82,829.04
21.40,264460.26,309381.78,829.55
21.50,264461.07,309381.74,830.05
21.60,264461.88,309381.70,830.54
21.70,264462.69,309381.66,831.03
21.80,264463.50,309381.62,831.53
21.90,264464.31,309381.57,832.02
22.00,264465.13,309381.52,832.51
22.10,264465.94,309381.48,833.00
22.20,264466.75,309381.43,833.50
22.30,264467.56,309381.37,834.00
22.40,264468.37,309381.33,834.51
22.50,264469.18,309381.28,835.01
22.60,264469.99,309381.23,835.51
22.70,264470.80,309381.19,836.01
22.80,264471.61,309381.14,836.51
22.90,264472.43,309381.09,837.01
23.00,264473.24,309381.04,837.51
23.10,264474.05,309380.99,838.01
23.20,264474.86,309380.93,838.51
23.30,264475.67,309380.88,839.01
23.40,264476.48,309380.82,839.51
23.50,264477.30,309380.76,840.00
23.60,264478.11,309380.71,840.48
23.70,264478.92,309380.66,840.98
23.80,264479.73,309380.62,841.48
23.90,264480.54,309380.58,841.98
24.00,264481.36,309380.54,842.48
24.10,264482.17,309380.50,842.98
24.20,264482.98,309380.46,843.48
24.30,264483.80,309380.42,843.98
24.40,264484.61,309380.38,844.48
24.50,264485.43,309380.34,844.98
24.60,264486.24,309380.29,845.49
24.70,264487.05,309380.25,845.99
24.80,264487.86,309380.20,846.49
24.90,264488.67,309380.16,846.99
25.00,264489.47,309380.11,847.49
25.10,264490.28,309380.06,848.00
25.20,264491.10,309380.01,848.50
25.30,264491.91,309379.97,848.99
25.40,264492.72,309379.92,849.49
25.50,264493.54,309379.88,850.00
25.60,264494.35,309379.84,850.50
25.70,264495.16,309379.80,851.00
25.80,264495.97,309379.77,851.51
25.90,264496.79,309379.73,852.01
26.00,264497.60,309379.70,852.51
26.10,264498.41,309379.65,853.00
26.20,264499.22,309379.61,853.51
26.30,264500.04,309379.55,854.00
26.40,264500.85,309379.50,854.50
26.50,264501.66,309379.43,855.01
26.60,264502.47,309379.38,855.51
26.70,264503.28,309379.32,856.01
26.80,264504.09,309379.26,856.51
26.90,264504.91,309379.20,857.02
27.00,264505.72,309379.14,857.52
27.10,264506.53,309379.08,858.02
27.20,264507.34,309379.01,858.53
27.30,264508.15,309378.95,859.03
27.40,264508.96,309378.89,859.53
27.50,264509.77,309378.83,860.03
27.60,264510.58,309378.77,860.54
27.70,264511.40,309378.72,861.04
27.80,264512.21,309378.67,861.54
27.90,264513.02,309378.62,862.05
28.00,264513.84,309378.57,862.55
28.10,264514.65,309378.52,863.05
28.20,264515.46,309378.47,863.55
28.30,264516.27,309378.42,864.05
28.40,264517.08,309378.37,864.55
28.50,264517.89,309378.32,865.05
28.60,264518.70,309378.27,865.55
28.70,264519.51,309378.22,866.06
28.80,264520.33,309378.18,866.56
28.90,264521.14,309378.13,867.06
29.00,264521.95,309378.07,867.55
29.10,264522.76,309378.02,868.05
29.20,264523.58,309377.96,868.55
29.30,264524.39,309377.90,869.05
29.40,264525.20,309377.84,869.55
29.50,264526.01,309377.77,870.04
29.60,264526.82,309377.70,870.53
29.70,264527.63,309377.62,871.04
29.80,264528.45,309377.56,871.54
29.90,264529.26,309377.49,872.05
30.00,264530.07,309377.42,872.55
30.10,264530.88,309377.35,873.05
30.20,264531.69,309377.28,873.55
30.30,264532.50,309377.21,874.05
30.40,264533.31,309377.14,874.55
30.50,264534.13,309377.07,875.05
30.60,264534.93,309377.01,875.56
30.70,264535.74,309376.95,876.06
30.80,264536.56,309376.89,876.55
30.90,264537.37,309376.82,877.05
31.00,264538.18,309376.76,877.54
31.10,264538.99,309376.69,878.04
31.20,264539.80,309376.62,878.54
31.30,264540.61,309376.54,879.04
31.40,264541.42,309376.45,879.54
31.50,264542.23,309376.37,880.04
31.60,264543.04,309376.29,880.55
31.70,264543.85,309376.20,881.05
31.80,264544.66,309376.11,881.55
31.90,264545.46,309376.02,882.05
32.00,264546.27,309375.92,882.55
32.10,264547.08,309375.81,883.05
32.20,264547.89,309375.71,883.55
32.30,264548.70,309375.59,884.05
32.40,264549.50,309375.49,884.56
32.50,264550.31,309375.38,885.06
32.60,264551.12,309375.27,885.56
32.70,264551.92,309375.16,886.07
32.80,264552.73,309375.05,886.57
32.90,264553.54,309374.95,887.07
33.00,264554.34,309374.84,887.58
33.10,264555.15,309374.74,888.08
33.20,264555.96,309374.63,888.58
33.30,264556.76,309374.52,889.08
33.40,264557.57,309374.41,889.59
33.50,264558.37,309374.30,890.09
33.60,264559.18,309374.20,890.59
33.70,264559.98,309374.09,891.09
33.80,264560.79,309373.99,891.60
33.90,264561.60,309373.89,892.09
34.00,264562.40,309373.79,892.58
34.10,264563.21,309373.68,893.08
34.20,264564.01,309373.58,893.59
34.30,264564.81,309373.46,894.08
34.40,264565.62,309373.35,894.57
34.50,264566.42,309373.24,895.06
34.60,264567.23,309373.12,895.56
34.70,264568.03,309373.01,896.06
34.80,264568.84,309372.89,896.56
34.90,264569.64,309372.77,897.06
35.00,264570.45,309372.65,897.56
35.10,264571.26,309372.54,898.06
35.20,264572.06,309372.42,898.56
35.30,264572.86,309372.30,899.06
35.40,264573.67,309372.18,899.55
35.50,264574.47,309372.06,900.04
35.60,264575.28,309371.94,900.53
35.70,264576.08,309371.80,901.01
35.80,264576.88,309371.66,901.50
35.90,264577.68,309371.53,901.99
36.00,264578.48,309371.39,902.48
36.10,264579.28,309371.25,902.97
36.20,264580.08,309371.10,903.46
36.30,264580.88,309370.96,903.95
36.40,264581.69,309370.82,904.45
36.50,264582.49,309370.69,904.94
36.60,264583.29,309370.54,905.44
36.70,264584.09,309370.40,905.94
36.80,264584.89,309370.26,906.44
36.90,264585.69,309370.11,906.95
37.00,264586.49,309369.95,907.45
37.10,264587.29,309369.80,907.95
37.20,264588.09,309369.65,908.45
37.30,264588.89,309369.51,908.95
37.40,264589.69,309369.36,909.45
37.50,264590.49,309369.21,909.96
37.60,264591.29,309369.05,910.46
37.70,264592.09,309368.90,910.96
37.80,264592.89,309368.75,911.46
37.90,264593.68,309368.60,911.95
38.00,264594.48,309368.45,912.45
38.10,264595.28,309368.29,912.95
38.20,264596.08,309368.14,913.45
38.30,264596.88,309367.99,913.95
38.40,264597.68,309367.84,914.45
38.50,264598.48,309367.70,914.95
38.60,264599.28,309367.56,915.44
38.70,264600.08,309367.42,915.93
38.80,264600.88,309367.27,916.43
38.90,264601.68,309367.13,916.92
39.00,264602.48,309366.99,917.42
39.10,264603.29,309366.85,917.92
39.20,264604.09,309366.71,918.42
39.30,264604.89,309366.57,918.92
39.40,264605.69,309366.43,919.42
39.50,264606.49,309366.29,919.92
39.60,264607.29,309366.15,920.42
39.70,264608.09,309366.00,920.91
39.80,264608.89,309365.86,921.41
39.90,264609.69,309365.71,921.91
40.00,264610.49,309365.56,922.41
40.10,264611.29,309365.41,922.91
40.20,264612.09,309365.26,923.41
40.30,264612.89,309365.11,923.91
40.40,264613.69,309364.96,924.41
40.50,264614.49,309364.82,924.90
40.60,264615.29,309364.67,925.39
40.70,264616.09,309364.52,925.87
40.80,264616.89,309364.37,926.37
40.90,264617.69,309364.22,926.86
41.00,264618.49,309364.06,927.35
41.10,264619.29,309363.89,927.84
41.20,264620.09,309363.73,928.34
41.30,264620.89,309363.57,928.83
41.40,264621.68,309363.41,929.31
41.50,264622.48,309363.25,929.80
41.60,264623.28,309363.09,930.28
41.70,264624.08,309362.94,930.77
41.80,264624.88,309362.79,931.26
41.90,264625.68,309362.64,931.75
42.00,264626.48,309362.48,932.24
42.10,264627.28,309362.32,932.74
42.20,264628.07,309362.16,933.24
42.30,264628.87,309362.00,933.74
42.40,264629.67,309361.85,934.23
42.50,264630.46,309361.68,934.72
42.60,264631.26,309361.52,935.21
42.70,264632.06,309361.35,935.71
42.80,264632.86,309361.18,936.20
42.90,264633.65,309361.01,936.70
43.00,264634.45,309360.84,937.19
43.10,264635.24,309360.66,937.69
43.20,264636.04,309360.48,938.19
43.30,264636.83,309360.30,938.69
43.40,264637.62,309360.11,939.19
43.50,264638.41,309359.93,939.69
43.60,264639.20,309359.74,940.19
43.70,264639.99,309359.55,940.69
43.80,264640.78,309359.35,941.18
43.90,264641.57,309359.15,941.68
44.00,264642.36,309358.95,942.18
44.10,264643.14,309358.74,942.68
44.20,264643.92,309358.53,943.18
44.30,264644.70,309358.32,943.68
44.40,264645.48,309358.10,944.19
44.50,264646.26,309357.87,944.69
44.60,264647.03,309357.64,945.19
44.70,264647.82,309357.40,945.69
44.80,264648.59,309357.16,946.19
44.90,264649.37,309356.93,946.70
45.00,264650.15,309356.69,947.20
45.10,264650.93,309356.45,947.69
45.20,264651.71,309356.21,948.19
45.30,264652.49,309355.97,948.68
45.40,264653.27,309355.73,949.18
45.50,264654.05,309355.49,949.68
45.60,264654.83,309355.26,950.18
45.70,264655.61,309355.02,950.67
45.80,264656.39,309354.78,951.16
45.90,264657.16,309354.54,951.66
46.00,264657.94,309354.31,952.15
46.10,264658.72,309354.07,952.65
46.20,264659.50,309353.84,953.15
46.30,264660.28,309353.61,953.65
46.40,264661.06,309353.38,954.15
46.50,264661.84,309353.16,954.65
46.60,264662.62,309352.93,955.15
46.70,264663.40,309352.71,955.65
46.80,264664.18,309352.48,956.15
46.90,264664.96,309352.25,956.65
47.00,264665.74,309352.01,957.16
47.10,264666.52,309351.78,957.66
47.20,264667.29,309351.55,958.16
47.30,264668.07,309351.31,958.65
47.40,264668.85,309351.07,959.15
47.50,264669.63,309350.83,959.64
47.60,264670.41,309350.59,960.14
47.70,264671.19,309350.36,960.64
47.80,264671.96,309350.12,961.14
47.90,264672.74,309349.89,961.64
48.00,264673.52,309349.66,962.14
48.10,264674.30,309349.43,962.64
48.20,264675.08,309349.20,963.15
48.30,264675.86,309348.98,963.65
48.40,264676.65,309348.75,964.14
48.50,264677.43,309348.52,964.64
48.60,264678.21,309348.29,965.14
48.70,264678.99,309348.06,965.64
48.80,264679.77,309347.82,966.14
48.90,264680.54,309347.59,966.64
49.00,264681.32,309347.35,967.15
49.10,264682.10,309347.11,967.64
49.20,264682.87,309346.88,968.12
49.30,264683.65,309346.64,968.60
49.40,264684.43,309346.40,969.08
49.50,264685.21,309346.17,969.56
49.60,264685.99,309345.93,970.03
49.70,264686.76,309345.69,970.51
49.80,264687.54,309345.44,970.97
49.90,264688.32,309345.20,971.43
50.00,264689.10,309344.96,971.89
50.10,264689.88,309344.72,972.34
50.20,264690.65,309344.47,972.79
50.30,264691.43,309344.23,973.24
50.40,264692.20,309343.99,973.69
50.50,264692.98,309343.74,974.14
50.60,264693.75,309343.50,974.59
50.70,264694.53,309343.26,975.04
50.80,264695.30,309343.01,975.49
50.90,264696.07,309342.76,975.94
51.00,264696.84,309342.51,976.38
51.10,264697.62,309342.26,976.82
51.20,264698.40,309342.01,977.25
51.30,264699.17,309341.77,977.67
51.40,264699.95,309341.52,978.09
51.50,264700.72,309341.28,978.51
51.60,264701.50,309341.03,978.93
51.70,264702.27,309340.79,979.36
51.80,264703.05,309340.54,979.78
51.90,264703.83,309340.29,980.21
52.00,264704.60,309340.05,980.64
52.10,264705.38,309339.80,981.07
52.20,264706.15,309339.55,981.50
52.30,264706.93,309339.30,981.93
52.40,264707.71,309339.05,982.35
52.50,264708.48,309338.79,982.77
52.60,264709.26,309338.55,983.18
52.70,264710.03,309338.30,983.60
52.80,264710.81,309338.07,984.02
52.90,264711.59,309337.83,984.44
53.00,264712.37,309337.60,984.86
53.10,264713.15,309337.36,985.28
53.20,264713.93,309337.13,985.71
53.30,264714.71,309336.90,986.12
53.40,264715.49,309336.68,986.53
53.50,264716.27,309336.46,986.94
53.60,264717.05,309336.23,987.35
53.70,264717.83,309336.01,987.75
53.80,264718.62,309335.78,988.15
53.90,264719.40,309335.55,988.55
54.00,264720.18,309335.33,988.94
54.10,264720.96,309335.10,989.34
54.20,264721.75,309334.88,989.74
54.30,264722.53,309334.66,990.14
54.40,264723.32,309334.44,990.55
54.50,264724.10,309334.22,990.95
54.60,264724.89,309334.00,991.36
54.70,264725.66,309333.77,991.77
54.80,264726.44,309333.54,992.17
54.90,264727.22,309333.31,992.57
55.00,264728.00,309333.07,992.96
55.10,264728.78,309332.83,993.34
55.20,264729.55,309332.59,993.73
55.30,264730.33,309332.35,994.12
55.40,264731.11,309332.10,994.51
55.50,264731.88,309331.86,994.90
55.60,264732.66,309331.62,995.29
55.70,264733.44,309331.37,995.67
55.80,264734.21,309331.13,996.06
55.90,264734.99,309330.88,996.44
56.00,264735.76,309330.62,996.83
56.10,264736.53,309330.35,997.22
56.20,264737.29,309330.09,997.61
56.30,264738.06,309329.81,998.01
56.40,264738.82,309329.54,998.41
56.50,264739.59,309329.26,998.80
56.60,264740.35,309328.98,999.19
56.70,264741.12,309328.70,999.58
56.80,264741.88,309328.41,999.97
56.90,264742.64,309328.13,1000.36
57.00,264743.40,309327.84,1000.75
57.10,264744.16,309327.55,1001.14
57.20,264744.92,309327.26,1001.52
57.30,264745.67,309326.96,1001.90
57.40,264746.43,309326.67,1002.28
57.50,264747.19,309326.38,1002.65
57.60,264747.94,309326.10,1003.02
57.70,264748.70,309325.80,1003.40
57.80,264749.46,309325.50,1003.77
57.90,264750.22,309325.20,1004.13
58.00,264750.97,309324.90,1004.50
58.10,264751.72,309324.59,1004.87
58.20,264752.47,309324.28,1005.23
58.30,264753.22,309323.97,1005.60
58.40,264753.98,309323.67,1005.96
58.50,264754.73,309323.36,1006.31
58.60,264755.48,309323.05,1006.66
58.70,264756.23,309322.74,1007.01
58.80,264756.98,309322.43,1007.35
58.90,264757.73,309322.11,1007.70
59.00,264758.48,309321.80,1008.05
59.10,264759.23,309321.48,1008.39
59.20,264759.97,309321.16,1008.73
59.30,264760.72,309320.84,1009.07
59.40,264761.47,309320.52,1009.39
59.50,264762.21,309320.19,1009.71
59.60,264762.95,309319.87,1010.03
59.70,264763.70,309319.54,1010.35
59.80,264764.44,309319.21,1010.66
59.90,264765.19,309318.88,1010.98
60.00,264765.93,309318.56,1011.29
60.10,264766.67,309318.22,1011.60
60.20,264767.40,309317.89,1011.91
60.30,264768.14,309317.55,1012.21
60.40,264768.87,309317.21,1012.51
60.50,264769.60,309316.86,1012.81
60.60,264770.34,309316.51,1013.12
60.70,264771.07,309316.16,1013.41
60.80,264771.81,309315.82,1013.70
60.90,264772.54,309315.48,1013.99
61.00,264773.28,309315.13,1014.27
61.10,264774.01,309314.78,1014.55
0.10,264299.98,309370.00,741.20
0.20,264299.94,309370.02,741.18
0.30,264299.88,309370.04,741.17
0.40,264299.79,309370.07,741.15
0.50,264299.68,309370.12,741.11
0.60,264299.54,309370.17,741.08
0.70,264299.40,309370.23,741.04
0.80,264299.22,309370.30,741.00
0.90,264299.03,309370.37,740.96
1.00,264298.82,309370.46,740.90
1.10,264298.58,309370.55,740.85
1.20,264298.31,309370.65,740.79
1.30,264298.02,309370.75,740.72
1.40,264297.71,309370.87,740.65
1.50,264297.38,309370.98,740.57
1.60,264297.03,309371.11,740.48
1.70,264296.66,309371.25,740.39
1.80,264296.25,309371.40,740.30
1.90,264295.84,309371.56,740.20
2.00,264295.41,309371.73,740.08
2.10,264294.96,309371.90,739.97
2.20,264294.49,309372.09,739.84
2.30,264294.00,309372.30,739.71
2.40,264293.50,309372.51,739.58
2.50,264292.97,309372.74,739.45
2.60,264292.42,309372.98,739.32
2.70,264291.84,309373.23,739.19
2.80,264291.24,309373.50,739.04
2.90,264290.61,309373.78,738.89
3.00,264289.96,309374.07,738.74
3.10,264289.28,309374.38,738.58
3.20,264288.58,309374.69,738.41
3.30,264287.85,309375.02,738.23
3.40,264287.11,309375.35,738.06
3.50,264286.37,309375.69,737.87
3.60,264285.63,309376.03,737.68
3.70,264284.88,309376.37,737.48
3.80,264284.14,309376.71,737.27
3.90,264283.41,309377.04,737.07
4.00,264282.67,309377.38,736.85
4.10,264281.93,309377.72,736.63
4.20,264281.20,309378.06,736.41
4.30,264280.46,309378.39,736.19
4.40,264279.72,309378.72,735.97
4.50,264278.99,309379.05,735.74
4.60,264278.24,309379.39,735.50
4.70,264277.50,309379.72,735.27
4.80,264276.77,309380.06,735.03
4.90,264276.03,309380.40,734.79
5.00,264275.29,309380.73,734.54
5.10,264274.55,309381.06,734.29
5.20,264273.81,309381.38,734.04
5.30,264273.07,309381.70,733.79
5.40,264272.32,309382.03,733.54
5.50,264271.58,309382.35,733.29
5.60,264270.83,309382.68,733.04
5.70,264270.09,309383.01,732.80
5.80,264269.35,309383.34,732.55
5.90,264268.61,309383.67,732.29
6.00,264267.86,309383.99,732.03
6.10,264267.11,309384.31,731.76
6.20,264266.36,309384.62,731.49
6.30,264265.61,309384.94,731.22
6.40,264264.86,309385.25,730.94
6.50,264264.11,309385.56,730.66
6.60,264263.36,309385.88,730.38
6.70,264262.61,309386.19,730.10
6.80,264261.87,309386.51,729.82
6.90,264261.12,309386.84,729.54
7.00,264260.37,309387.16,729.27
7.10,264259.63,309387.49,729.00
7.20,264258.88,309387.82,728.73
7.30,264258.14,309388.14,728.45
7.40,264257.40,309388.47,728.18
7.50,264256.65,309388.79,727.90
7.60,264255.91,309389.11,727.62
7.70,264255.17,309389.43,727.33
7.80,264254.42,309389.75,727.04
7.90,264253.68,309390.06,726.74
8.00,264252.93,309390.37,726.44
8.10,264252.18,309390.69,726.14
8.20,264251.43,309391.00,725.84
8.30,264250.68,309391.31,725.54
8.40,264249.92,309391.61,725.24
8.50,264249.17,309391.91,724.94
8.60,264248.41,309392.21,724.64
8.70,264247.66,309392.50,724.34
8.80,264246.90,309392.79,724.04
8.90,264246.15,309393.08,723.74
9.00,264245.39,309393.38,723.44
9.10,264244.63,309393.67,723.13
9.20,264243.88,309393.96,722.81
9.30,264243.12,309394.25,722.49
9.40,264242.36,309394.54,722.17
9.50,264241.61,309394.83,721.86
9.60,264240.85,309395.11,721.54
9.70,264240.10,309395.40,721.23
9.80,264239.33,309395.68,720.91
9.90,264238.58,309395.97,720.60
10.00,264237.82,309396.26,720.30
10.10,264237.06,309396.55,720.00
10.20,264236.31,309396.84,719.70
10.30,264235.55,309397.13,719.39
10.40,264234.80,309397.42,719.08
10.50,264234.04,309397.70,718.77
10.60,264233.28,309398.00,718.47
10.70,264232.53,309398.29,718.17
10.80,264231.77,309398.59,717.87
10.90,264231.02,309398.88,717.57
11.00,264230.27,309399.17,717.26
11.10,264229.51,309399.46,716.95
11.20,264228.75,309399.75,716.65
11.30,264227.99,309400.03,716.34
11.40,264227.23,309400.32,716.03
11.50,264226.47,309400.61,715.72
11.60,264225.70,309400.90,715.40
11.70,264224.94,309401.19,715.09
11.80,264224.19,309401.48,714.77
11.90,264223.43,309401.76,714.44
12.00,264222.67,309402.05,714.11
12.10,264221.91,309402.34,713.78
12.20,264221.15,309402.62,713.44
12.30,264220.38,309402.90,713.10
12.40,264219.62,309403.18,712.76
12.50,264218.86,309403.46,712.41
12.60,264218.10,309403.73,712.06
12.70,264217.33,309404.00,711.72
12.80,264216.56,309404.27,711.38
12.90,264215.80,309404.54,711.04
13.00,264215.04,309404.81,710.70
13.10,264214.27,309405.09,710.36
13.20,264213.51,309405.36,710.02
13.30,264212.75,309405.63,709.67
13.40,264211.98,309405.91,709.33
13.50,264211.22,309406.18,708.98
13.60,264210.45,309406.45,708.64
13.70,264209.68,309406.72,708.29
13.80,264208.92,309406.99,707.96
13.90,264208.16,309407.27,707.62
14.00,264207.39,309407.54,707.27
14.10,264206.63,309407.82,706.93
14.20,264205.87,309408.10,706.59
14.30,264205.10,309408.38,706.25
14.40,264204.34,309408.66,705.91
14.50,264203.58,309408.94,705.57
14.60,264202.82,309409.23,705.23
14.70,264202.06,309409.51,704.89
14.80,264201.30,309409.79,704.55
14.90,264200.54,309410.08,704.21
15.00,264199.79,309410.38,703.86
15.10,264199.03,309410.67,703.52
15.20,264198.28,309410.97,703.19
15.30,264197.53,309411.27,702.86
15.40,264196.78,309411.57,702.52
15.50,264196.03,309411.88,702.19
15.60,264195.29,309412.19,701.86
15.70,264194.54,309412.50,701.53
15.80,264193.79,309412.82,701.20
15.90,264193.05,309413.13,700.87
16.00,264192.31,309413.46,700.54
16.10,264191.57,309413.78,700.20
16.20,264190.82,309414.08,699.86
16.30,264190.07,309414.39,699.52
16.40,264189.32,309414.70,699.18
16.50,264188.57,309415.00,698.85
16.60,264187.82,309415.31,698.53
16.70,264187.07,309415.61,698.20
16.80,264186.32,309415.92,697.87
16.90,264185.57,309416.22,697.54
17.00,264184.81,309416.52,697.21
17.10,264184.07,309416.83,696.89
17.20,264183.31,309417.14,696.58
17.30,264182.56,309417.44,696.26
17.40,264181.80,309417.73,695.95
17.50,264181.05,309418.02,695.64
17.60,264180.30,309418.31,695.34
17.70,264179.54,309418.61,695.03
17.80,264178.79,309418.90,694.73
17.90,264178.05,309419.20,694.43
18.00,264177.30,309419.51,694.13
18.10,264176.55,309419.81,693.84
18.20,264175.80,309420.12,693.56
18.30,264175.05,309420.43,693.29
18.40,264174.30,309420.74,693.02
18.50,264173.55,309421.05,692.75
18.60,264172.80,309421.35,692.47
18.70,264172.05,309421.66,692.19
18.80,264171.30,309421.97,691.91
18.90,264170.55,309422.26,691.62
19.00,264169.79,309422.56,691.33
19.10,264169.04,309422.85,691.05
19.20,264168.29,309423.13,690.77
19.30,264167.53,309423.42,690.49
19.40,264166.77,309423.70,690.21
19.50,264166.02,309423.98,689.94
19.60,264165.26,309424.26,689.68
19.70,264164.50,309424.55,689.42
19.80,264163.75,309424.84,689.18
19.90,264163.00,309425.13,688.93
20.00,264162.25,309425.42,688.69
20.10,264161.50,309425.71,688.44
20.20,264160.75,309426.01,688.19
20.30,264160.00,309426.30,687.94
20.40,264159.24,309426.58,687.69
20.50,264158.49,309426.87,687.45
20.60,264157.73,309427.15,687.21
20.70,264156.98,309427.44,686.96
20.80,264156.22,309427.72,686.72
20.90,264155.46,309428.00,686.49
21.00,264154.70,309428.28,686.25
21.10,264153.94,309428.56,686.01
21.20,264153.18,309428.83,685.79
21.30,264152.42,309429.11,685.57
21.40,264151.66,309429.38,685.34
21.50,264150.90,309429.66,685.11
21.60,264150.14,309429.94,684.88
21.70,264149.38,309430.21,684.65
21.80,264148.62,309430.48,684.41
21.90,264147.87,309430.74,684.18
22.00,264147.10,309431.01,683.95
22.10,264146.34,309431.27,683.74
22.20,264145.58,309431.53,683.53
22.30,264144.81,309431.78,683.33
22.40,264144.04,309432.04,683.13
22.50,264143.28,309432.29,682.93
22.60,264142.52,309432.55,682.74
22.70,264141.75,309432.81,682.55
22.80,264140.99,309433.07,682.37
22.90,264140.23,309433.33,682.19
23.00,264139.47,309433.58,682.00
23.10,264138.70,309433.85,681.82
23.20,264137.93,309434.11,681.65
23.30,264137.17,309434.37,681.49
23.40,264136.40,309434.63,681.34
23.50,264135.64,309434.89,681.21
23.60,264134.88,309435.14,681.07
23.70,264134.12,309435.40,680.93
23.80,264133.35,309435.65,680.80
23.90,264132.59,309435.91,680.67
24.00,264131.82,309436.16,680.54
24.10,264131.05,309436.41,680.42
24.20,264130.29,309436.66,680.30
24.30,264129.52,309436.91,680.19
24.40,264128.76,309437.16,680.09
24.50,264127.99,309437.41,679.99
24.60,264127.23,309437.67,679.90
24.70,264126.47,309437.93,679.82
24.80,264125.72,309438.20,679.74
24.90,264124.96,309438.47,679.66
25.00,264124.20,309438.74,679.60
25.10,264123.44,309439.00,679.56
25.20,264122.68,309439.26,679.52
25.30,264121.92,309439.52,679.50
25.40,264121.16,309439.78,679.48
25.50,264120.39,309440.04,679.47
25.60,264119.63,309440.30,679.47
25.70,264118.87,309440.55,679.46
25.80,264118.11,309440.82,679.46
25.90,264117.35,309441.07,679.46
26.00,264116.58,309441.33,679.46
26.10,264115.81,309441.57,679.47
26.20,264115.04,309441.81,679.49
26.30,264114.28,309442.04,679.52
26.40,264113.52,309442.29,679.55
26.50,264112.76,309442.54,679.60
26.60,264112.00,309442.79,679.65
26.70,264111.23,309443.05,679.72
26.80,264110.47,309443.31,679.79
26.90,264109.71,309443.56,679.88
27.00,264108.95,309443.81,679.98
27.10,264108.20,309444.06,680.07
27.20,264107.45,309444.31,680.17
27.30,264106.69,309444.56,680.27
27.40,264105.92,309444.81,680.38
27.50,264105.16,309445.05,680.50
27.60,264104.40,309445.30,680.62
27.70,264103.64,309445.54,680.76
27.80,264102.89,309445.80,680.90
27.90,264102.12,309446.05,681.05
28.00,264101.36,309446.32,681.21
28.10,264100.60,309446.58,681.38
28.20,264099.84,309446.84,681.56
28.30,264099.08,309447.10,681.75
28.40,264098.33,309447.36,681.95
28.50,264097.57,309447.62,682.16
28.60,264096.82,309447.88,682.38
28.70,264096.07,309448.15,682.61
28.80,264095.32,309448.43,682.84
28.90,264094.57,309448.71,683.08
29.00,264093.82,309448.99,683.32
29.10,264093.08,309449.28,683.57
29.20,264092.34,309449.57,683.83
29.30,264091.60,309449.86,684.11
29.40,264090.86,309450.16,684.39
29.50,264090.12,309450.46,684.68
29.60,264089.38,309450.75,684.98
29.70,264088.64,309451.06,685.29
29.80,264087.90,309451.36,685.61
29.90,264087.16,309451.66,685.94
30.00,264086.42,309451.96,686.27
30.10,264085.68,309452.26,686.62
30.20,264084.94,309452.58,686.98
30.30,264084.20,309452.89,687.35
30.40,264083.47,309453.20,687.73
30.50,264082.75,309453.51,688.13
30.60,264082.04,309453.83,688.53
30.70,264081.32,309454.15,688.94
30.80,264080.60,309454.47,689.36
30.90,264079.88,309454.81,689.78
31.00,264079.16,309455.15,690.21
31.10,264078.44,309455.49,690.65
31.20,264077.73,309455.84,691.11
31.30,264077.01,309456.19,691.57
31.40,264076.30,309456.55,692.04
31.50,264075.60,309456.90,692.51
31.60,264074.91,309457.26,692.99
31.70,264074.22,309457.63,693.48
31.80,264073.54,309458.01,693.99
31.90,264072.85,309458.39,694.49
32.00,264072.16,309458.78,694.99
32.10,264071.46,309459.17,695.49
32.20,264070.76,309459.57,696.00
32.30,264070.06,309459.96,696.51
32.40,264069.37,309460.36,697.01
32.50,264068.68,309460.75,697.51
32.60,264068.00,309461.15,698.01
32.70,264067.32,309461.54,698.51
32.80,264066.65,309461.94,699.02
32.90,264065.99,309462.33,699.52
33.00,264065.32,309462.73,700.02
33.10,264064.66,309463.13,700.52
33.20,264064.00,309463.53,701.03
33.30,264063.34,309463.94,701.53
33.40,264062.68,309464.35,702.04
33.50,264062.03,309464.76,702.55
33.60,264061.39,309465.18,703.05
33.70,264060.76,309465.59,703.56
33.80,264060.14,309466.00,704.06
33.90,264059.52,309466.42,704.57
34.00,264058.90,309466.85,705.08
34.10,264058.28,309467.28,705.58
34.20,264057.66,309467.71,706.08
34.30,264057.06,309468.15,706.59
34.40,264056.45,309468.59,707.10
34.50,264055.85,309469.04,707.60
34.60,264055.27,309469.48,708.10
34.70,264054.69,309469.94,708.61
34.80,264054.12,309470.40,709.11
34.90,264053.55,309470.87,709.62
35.00,264053.00,309471.34,710.12
35.10,264052.46,309471.81,710.62
35.20,264051.92,309472.29,711.13
35.30,264051.39,309472.77,711.62
35.40,264050.86,309473.24,712.13
35.50,264050.34,309473.73,712.63
35.60,264049.84,309474.22,713.14
35.70,264049.35,309474.72,713.64
35.80,264048.86,309475.21,714.15
35.90,264048.38,309475.71,714.65
36.00,264047.90,309476.21,715.16
36.10,264047.43,309476.72,715.66
36.20,264046.96,309477.23,716.16
36.30,264046.50,309477.75,716.67
36.40,264046.04,309478.26,717.17
36.50,264045.58,309478.78,717.68
36.60,264045.14,309479.31,718.18
36.70,264044.69,309479.84,718.69
36.80,264044.25,309480.37,719.19
36.90,264043.83,309480.90,719.70
37.00,264043.41,309481.44,720.20
37.10,264043.01,309481.98,720.71
37.20,264042.61,309482.52,721.21
37.30,264042.22,309483.06,721.71
37.40,264041.84,309483.61,722.22
37.50,264041.46,309484.17,722.72
37.60,264041.07,309484.72,723.22
37.70,264040.69,309485.28,723.73
37.80,264040.31,309485.85,724.23
37.90,264039.93,309486.42,724.74
38.00,264039.57,309487.00,725.24
38.10,264039.22,309487.59,725.74
38.20,264038.87,309488.18,726.24
38.30,264038.53,309488.77,726.75
38.40,264038.21,309489.36,727.26
38.50,264037.88,309489.94,727.76
38.60,264037.57,309490.53,728.27
38.70,264037.26,309491.11,728.78
38.80,264036.95,309491.70,729.28
38.90,264036.65,309492.29,729.79
39.00,264036.35,309492.88,730.30
39.10,264036.05,309493.48,730.80
39.20,264035.75,309494.08,731.31
39.30,264035.46,309494.69,731.82
39.40,264035.17,309495.30,732.32
39.50,264034.88,309495.92,732.83
39.60,264034.61,309496.54,733.34
39.70,264034.34,309497.16,733.84
39.80,264034.08,309497.78,734.34
39.90,264033.83,309498.40,734.84
40.00,264033.58,309499.03,735.35
40.10,264033.34,309499.65,735.85
40.20,264033.11,309500.28,736.35
40.30,264032.88,309500.91,736.86
40.40,264032.67,309501.54,737.37
40.50,264032.47,309502.17,737.87
40.60,264032.27,309502.80,738.37
40.70,264032.09,309503.44,738.88
40.80,264031.91,309504.07,739.38
40.90,264031.74,309504.71,739.89
41.00,264031.57,309505.34,740.39
41.10,264031.41,309505.98,740.89
41.20,264031.25,309506.62,741.40
41.30,264031.09,309507.27,741.90
41.40,264030.94,309507.93,742.40
41.50,264030.79,309508.59,742.91
41.60,264030.64,309509.26,743.41
41.70,264030.50,309509.93,743.92
41.80,264030.37,309510.60,744.43
41.90,264030.25,309511.28,744.93
42.00,264030.14,309511.95,745.44
42.10,264030.04,309512.63,745.94
42.20,264029.95,309513.31,746.45
42.30,264029.87,309513.99,746.95
42.40,264029.80,309514.69,747.46
42.50,264029.73,309515.39,747.96
42.60,264029.67,309516.09,748.47
42.70,264029.60,309516.80,748.97
42.80,264029.55,309517.51,749.48
42.90,264029.50,309518.22,749.98
43.00,264029.45,309518.94,750.49
43.10,264029.42,309519.66,751.00
43.20,264029.39,309520.38,751.50
43.30,264029.37,309521.10,752.01
43.40,264029.35,309521.82,752.52
43.50,264029.35,309522.54,753.02
43.60,264029.35,309523.27,753.53
43.70,264029.35,309524.00,754.03
43.80,264029.35,309524.73,754.54
43.90,264029.37,309525.47,755.04
44.00,264029.39,309526.21,755.55
44.10,264029.43,309526.95,756.05
44.20,264029.47,309527.69,756.56
44.30,264029.53,309528.43,757.06
44.40,264029.58,309529.17,757.57
44.50,264029.65,309529.91,758.07
44.60,264029.73,309530.65,758.58
44.70,264029.82,309531.38,759.09
44.80,264029.91,309532.11,759.59
44.90,264030.00,309532.85,760.09
45.00,264030.11,309533.60,760.60
45.10,264030.22,309534.35,761.10
45.20,264030.34,309535.11,761.60
45.30,264030.48,309535.87,762.11
45.40,264030.62,309536.62,762.61
45.50,264030.78,309537.38,763.12
45.60,264030.95,309538.13,763.62
45.70,264031.12,309538.90,764.13
45.80,264031.30,309539.67,764.64
45.90,264031.49,309540.45,765.14
46.00,264031.68,309541.22,765.64
46.10,264031.88,309542.00,766.14
46.20,264032.08,309542.78,766.64
46.30,264032.28,309543.56,767.14
46.40,264032.49,309544.34,767.65
46.50,264032.70,309545.11,768.15
46.60,264032.91,309545.88,768.66
46.70,264033.14,309546.65,769.16
46.80,264033.38,309547.42,769.66
46.90,264033.62,309548.18,770.16
47.00,264033.86,309548.95,770.66
47.10,264034.11,309549.71,771.16
47.20,264034.38,309550.47,771.67
47.30,264034.65,309551.22,772.17
47.40,264034.93,309551.97,772.67
47.50,264035.21,309552.71,773.16
47.60,264035.51,309553.46,773.66
47.70,264035.81,309554.20,774.16
47.80,264036.11,309554.95,774.67
47.90,264036.41,309555.69,775.17
48.00,264036.71,309556.43,775.67
48.10,264037.02,309557.17,776.17
48.20,264037.32,309557.92,776.67
48.30,264037.63,309558.66,777.18
48.40,264037.94,309559.40,777.68
48.50,264038.25,309560.14,778.18
48.60,264038.58,309560.88,778.69
48.70,264038.90,309561.61,779.20
48.80,264039.22,309562.35,779.70
48.90,264039.56,309563.08,780.21
49.00,264039.90,309563.81,780.71
49.10,264040.25,309564.53,781.22
49.20,264040.59,309565.26,781.72
49.30,264040.94,309565.98,782.22
49.40,264041.29,309566.70,782.72
49.50,264041.65,309567.41,783.23
49.60,264042.02,309568.13,783.73
49.70,264042.38,309568.84,784.23
49.80,264042.75,309569.56,784.73
49.90,264043.13,309570.27,785.23
50.00,264043.51,309570.98,785.73
50.10,264043.90,309571.68,786.24
50.20,264044.29,309572.38,786.74
50.30,264044.69,309573.07,787.24
50.40,264045.10,309573.76,787.75
50.50,264045.51,309574.45,788.25
50.60,264045.93,309575.14,788.75
50.70,264046.35,309575.82,789.25
50.80,264046.78,309576.50,789.75
50.90,264047.19,309577.19,790.25
51.00,264047.61,309577.87,790.75
51.10,264048.04,309578.56,791.25
51.20,264048.47,309579.24,791.76
51.30,264048.90,309579.91,792.26
51.40,264049.34,309580.58,792.76
51.50,264049.79,309581.25,793.26
51.60,264050.24,309581.91,793.76
51.70,264050.70,309582.57,794.26
51.80,264051.16,309583.23,794.77
51.90,264051.62,309583.89,795.27
52.00,264052.08,309584.55,795.78
52.10,264052.55,309585.19,796.28
52.20,264053.01,309585.84,796.78
52.30,264053.48,309586.50,797.28
52.40,264053.97,309587.14,797.78
52.50,264054.46,309587.78,798.28
52.60,264054.95,309588.41,798.79
52.70,264055.45,309589.03,799.29
52.80,264055.95,309589.66,799.79
52.90,264056.46,309590.28,800.29
53.00,264056.98,309590.90,800.80
53.10,264057.50,309591.51,801.30
53.20,264058.02,309592.12,801.80
53.30,264058.55,309592.73,802.30
53.40,264059.08,309593.34,802.80
53.50,264059.60,309593.94,803.31
53.60,264060.13,309594.54,803.81
53.70,264060.66,309595.15,804.31
53.80,264061.19,309595.75,804.81
53.90,264061.72,309596.36,805.30
54.00,264062.25,309596.96,805.81
54.10,264062.78,309597.55,806.31
54.20,264063.32,309598.14,806.81
54.30,264063.86,309598.73,807.31
54.40,264064.40,309599.33,807.81
54.50,264064.95,309599.92,808.32
54.60,264065.50,309600.50,808.81
54.70,264066.05,309601.08,809.30
54.80,264066.61,309601.66,809.80
54.90,264067.17,309602.24,810.30
55.00,264067.73,309602.81,810.81
55.10,264068.29,309603.38,811.30
55.20,264068.85,309603.96,811.81
55.30,264069.41,309604.53,812.30
55.40,264069.98,309605.09,812.80
55.50,264070.55,309605.66,813.31
55.60,264071.12,309606.22,813.80
55.70,264071.70,309606.78,814.30
55.80,264072.28,309607.33,814.80
55.90,264072.87,309607.88,815.29
56.00,264073.47,309608.42,815.78
56.10,264074.06,309608.95,816.28
56.20,264074.66,309609.47,816.78
56.30,264075.27,309610.00,817.28
56.40,264075.88,309610.52,817.78
56.50,264076.48,309611.05,818.27
56.60,264077.08,309611.58,818.77
56.70,264077.69,309612.11,819.28
56.80,264078.30,309612.63,819.78
56.90,264078.91,309613.15,820.28
57.00,264079.53,309613.67,820.78
57.10,264080.14,309614.18,821.28
57.20,264080.76,309614.70,821.78
57.30,264081.39,309615.20,822.28
57.40,264082.01,309615.71,822.78
57.50,264082.64,309616.21,823.28
57.60,264083.27,309616.71,823.78
57.70,264083.90,309617.21,824.28
57.80,264084.54,309617.70,824.77
57.90,264085.17,309618.19,825.27
58.00,264085.81,309618.67,825.76
58.10,264086.45,309619.16,826.24
58.20,264087.09,309619.63,826.73
58.30,264087.74,309620.11,827.22
58.40,264088.39,309620.57,827.71
58.50,264089.04,309621.04,828.22
58.60,264089.70,309621.50,828.72
58.70,264090.35,309621.96,829.22
58.80,264091.01,309622.42,829.72
58.90,264091.66,309622.89,830.22
59.00,264092.30,309623.36,830.72
59.10,264092.95,309623.83,831.23
59.20,264093.60,309624.30,831.73
59.30,264094.25,309624.77,832.23
59.40,264094.91,309625.24,832.74
59.50,264095.55,309625.71,833.24
59.60,264096.20,309626.18,833.74
59.70,264096.86,309626.65,834.24
59.80,264097.51,309627.12,834.74
59.90,264098.16,309627.58,835.24
60.00,264098.82,309628.05,835.73
60.10,264099.47,309628.51,836.23
60.20,264100.13,309628.98,836.72
60.30,264100.79,309629.44,837.22
60.40,264101.45,309629.90,837.71
60.50,264102.11,309630.36,838.21
60.60,264102.76,309630.81,838.71
60.70,264103.42,309631.26,839.21
60.80,264104.09,309631.71,839.71
60.90,264104.76,309632.15,840.22
61.00,264105.42,309632.59,840.72
61.10,264106.08,309633.03,841.22
61.20,264106.75,309633.46,841.72
61.30,264107.41,309633.90,842.22
61.40,264108.07,309634.33,842.71
61.50,264108.74,309634.77,843.21
61.60,264109.41,309635.22,843.71
61.70,264110.08,309635.66,844.21
61.80,264110.74,309636.10,844.71
61.90,264111.40,309636.54,845.21
62.00,264112.08,309636.98,845.70
62.10,264112.74,309637.42,846.20
62.20,264113.41,309637.87,846.70
62.30,264114.08,309638.31,847.20
62.40,264114.76,309638.75,847.69
62.50,264115.43,309639.19,848.19
62.60,264116.10,309639.62,848.70
62.70,264116.77,309640.06,849.20
62.80,264117.43,309640.50,849.70
62.90,264118.10,309640.94,850.21
63.00,264118.77,309641.39,850.71
63.10,264119.43,309641.84,851.21
63.20,264120.10,309642.28,851.71
63.30,264120.77,309642.73,852.21
63.40,264121.44,309643.18,852.71
63.50,264122.11,309643.61,853.21
63.60,264122.79,309644.05,853.71
63.70,264123.47,309644.48,854.21
63.80,264124.14,309644.92,854.71
63.90,264124.82,309645.35,855.20
64.00,264125.50,309645.78,855.70
64.10,264126.18,309646.21,856.19
64.20,264126.86,309646.64,856.69
64.30,264127.54,309647.07,857.20
64.40,264128.22,309647.49,857.70
64.50,264128.91,309647.91,858.20
64.60,264129.60,309648.33,858.70
64.70,264130.28,309648.74,859.20
64.80,264130.97,309649.15,859.70
64.90,264131.65,309649.57,860.21
65.00,264132.34,309649.99,860.70
65.10,264133.03,309650.40,861.20
65.20,264133.72,309650.81,861.70
65.30,264134.41,309651.22,862.20
65.40,264135.10,309651.62,862.69
65.50,264135.79,309652.02,863.18
65.60,264136.48,309652.43,863.67
65.70,264137.17,309652.84,864.17
65.80,264137.86,309653.25,864.67
65.90,264138.55,309653.66,865.16
66.00,264139.23,309654.08,865.66
66.10,264139.93,309654.49,866.15
66.20,264140.62,309654.90,866.66
66.30,264141.31,309655.31,867.16
66.40,264142.00,309655.71,867.65
66.50,264142.70,309656.11,868.14
66.60,264143.39,309656.52,868.63
66.70,264144.08,309656.92,869.12
66.80,264144.78,309657.33,869.60
66.90,264145.47,309657.73,870.09
67.00,264146.17,309658.13,870.57
67.10,264146.86,309658.53,871.05
67.20,264147.55,309658.93,871.54
67.30,264148.24,309659.33,872.03
67.40,264148.94,309659.73,872.51
67.50,264149.64,309660.13,872.99
67.60,264150.34,309660.52,873.48
67.70,264151.04,309660.92,873.97
67.80,264151.74,309661.32,874.46
67.90,264152.44,309661.71,874.95
68.00,264153.14,309662.11,875.45
68.10,264153.84,309662.50,875.94
68.20,264154.53,309662.89,876.44
68.30,264155.23,309663.28,876.93
68.40,264155.92,309663.67,877.43
68.50,264156.62,309664.07,877.92
68.60,264157.32,309664.46,878.41
68.70,264158.01,309664.85,878.90
68.80,264158.71,309665.24,879.40
68.90,264159.40,309665.62,879.90
69.00,264160.10,309666.00,880.39
69.10,264160.80,309666.38,880.89
69.20,264161.49,309666.75,881.38
69.30,264162.19,309667.14,881.88
69.40,264162.89,309667.52,882.37
69.50,264163.58,309667.92,882.86
69.60,264164.28,309668.31,883.35
69.70,264164.98,309668.70,883.84
69.80,264165.67,309669.09,884.32
69.90,264166.36,309669.49,884.80
70.00,264167.04,309669.88,885.28
70.10,264167.73,309670.27,885.76
70.20,264168.43,309670.65,886.24
70.30,264169.14,309671.04,886.72
70.40,264169.84,309671.42,887.21
70.50,264170.55,309671.79,887.70
70.60,264171.25,309672.17,888.19
70.70,264171.95,309672.54,888.69
70.80,264172.66,309672.92,889.17
70.90,264173.36,309673.29,889.65
71.00,264174.07,309673.66,890.14
71.10,264174.79,309674.03,890.63
71.20,264175.50,309674.39,891.11
71.30,264176.21,309674.75,891.60
71.40,264176.93,309675.11,892.09
71.50,264177.64,309675.47,892.58
71.60,264178.36,309675.83,893.06
71.70,264179.07,309676.19,893.55
71.80,264179.78,309676.55,894.04
71.90,264180.50,309676.92,894.52
72.00,264181.20,309677.29,895.00
72.10,264181.90,309677.66,895.49
72.20,264182.59,309678.04,895.97
72.30,264183.27,309678.41,896.46
72.40,264183.96,309678.79,896.95
72.50,264184.65,309679.17,897.45
72.60,264185.33,309679.55,897.94
72.70,264186.01,309679.93,898.42
72.80,264186.70,309680.31,898.91
72.90,264187.38,309680.71,899.40
73.00,264188.07,309681.10,899.89
73.10,264188.76,309681.50,900.38
73.20,264189.45,309681.90,900.87
73.30,264190.14,309682.30,901.35
73.40,264190.84,309682.70,901.85
73.50,264191.54,309683.09,902.35
73.60,264192.23,309683.49,902.85
73.70,264192.91,309683.88,903.35
73.80,264193.60,309684.27,903.85
73.90,264194.28,309684.66,904.35
74.00,264194.96,309685.05,904.85
74.10,264195.65,309685.44,905.35
74.20,264196.33,309685.83,905.84
74.30,264197.02,309686.21,906.34
74.40,264197.71,309686.60,906.84
74.50,264198.40,309686.98,907.34
74.60,264199.09,309687.37,907.84
74.70,264199.78,309687.75,908.33
74.80,264200.48,309688.14,908.83
74.90,264201.17,309688.53,909.33
75.00,264201.87,309688.92,909.82
75.10,264202.56,309689.32,910.31
75.20,264203.25,309689.71,910.80
75.30,264203.95,309690.10,911.30
75.40,264204.65,309690.48,911.80
75.50,264205.36,309690.87,912.29
75.60,264206.07,309691.25,912.77
75.70,264206.78,309691.62,913.25
75.80,264207.49,309691.98,913.73
75.90,264208.19,309692.35,914.20
76.00,264208.89,309692.73,914.66
76.10,264209.60,309693.10,915.13
76.20,264210.30,309693.47,915.60
76.30,264211.01,309693.84,916.07
76.40,264211.71,309694.21,916.54
76.50,264212.42,309694.58,917.03
76.60,264213.14,309694.95,917.52
76.70,264213.85,309695.32,918.01
76.80,264214.57,309695.68,918.50
76.90,264215.28,309696.04,918.98
77.00,264216.00,309696.41,919.46
77.10,264216.72,309696.77,919.94
77.20,264217.44,309697.13,920.43
77.30,264218.15,309697.49,920.91
77.40,264218.87,309697.84,921.40
77.50,264219.59,309698.20,921.88
77.60,264220.30,309698.56,922.36
77.70,264221.02,309698.92,922.84
77.80,264221.73,309699.27,923.32
77.90,264222.45,309699.62,923.79
78.00,264223.18,309699.97,924.27
78.10,264223.91,309700.31,924.74
78.20,264224.63,309700.65,925.21
78.30,264225.37,309700.98,925.68
78.40,264226.10,309701.31,926.15
78.50,264226.83,309701.63,926.60
78.60,264227.56,309701.95,927.05
78.70,264228.29,309702.26,927.49
78.80,264229.03,309702.58,927.93
78.90,264229.77,309702.90,928.37
79.00,264230.51,309703.21,928.80
79.10,264231.24,309703.52,929.23
79.20,264231.98,309703.84,929.67
79.30,264232.72,309704.15,930.10
79.40,264233.46,309704.45,930.52
79.50,264234.20,309704.75,930.93
79.60,264234.95,309705.03,931.34
79.70,264235.69,309705.32,931.74
79.80,264236.44,309705.60,932.14
79.90,264237.19,309705.87,932.53
80.00,264237.95,309706.14,932.93
80.10,264238.70,309706.41,933.33
80.20,264239.44,309706.69,933.73
80.30,264240.19,309706.95,934.15
80.40,264240.93,309707.21,934.56
80.50,264241.68,309707.47,934.96
80.60,264242.43,309707.73,935.36
80.70,264243.18,309707.98,935.75
80.80,264243.93,309708.23,936.15
80.90,264244.67,309708.48,936.55
81.00,264245.42,309708.72,936.94
81.10,264246.17,309708.96,937.33
81.20,264246.92,309709.20,937.71
81.30,264247.67,309709.44,938.08
81.40,264248.42,309709.68,938.45
81.50,264249.16,309709.93,938.83
81.60,264249.90,309710.17,939.21
81.70,264250.63,309710.42,939.58
81.80,264251.37,309710.66,939.94
81.90,264252.12,309710.91,940.31
82.00,264252.86,309711.15,940.67
82.10,264253.61,309711.38,941.03
82.20,264254.38,309711.62,941.38
82.30,264255.14,309711.84,941.74
82.40,264255.92,309712.07,942.09
82.50,264256.69,309712.29,942.45
82.60,264257.46,309712.51,942.80
82.70,264258.22,309712.73,943.15
82.80,264258.98,309712.95,943.49
82.90,264259.74,309713.17,943.83
83.00,264260.52,309713.38,944.15
83.10,264261.29,309713.60,944.48
83.20,264262.07,309713.81,944.81
83.30,264262.84,309714.01,945.14
83.40,264263.62,309714.21,945.47
83.50,264264.39,309714.40,945.80
83.60,264265.16,309714.60,946.14
83.70,264265.94,309714.78,946.47
83.80,264266.72,309714.96,946.80
83.90,264267.49,309715.15,947.12
84.00,264268.26,309715.32,947.45
84.10,264269.04,309715.50,947.78
84.20,264269.82,309715.67,948.11
84.30,264270.59,309715.84,948.44
84.40,264271.36,309716.01,948.77
84.50,264272.12,309716.19,949.10
84.60,264272.89,309716.37,949.43
84.70,264273.65,309716.54,949.76
84.80,264274.41,309716.71,950.08
84.90,264275.17,309716.88,950.41
85.00,264275.95,309717.05,950.73
85.10,264276.73,309717.22,951.05
85.20,264277.51,309717.39,951.37
85.30,264278.29,309717.55,951.68
85.40,264279.07,309717.72,951.98
85.50,264279.85,309717.87,952.28
85.60,264280.64,309718.03,952.57
85.70,264281.43,309718.18,952.85
85.80,264282.21,309718.34,953.13
85.90,264282.99,309718.48,953.40
86.00,264283.78,309718.63,953.68
86.10,264284.56,309718.78,953.95
86.20,264285.34,309718.93,954.23
86.30,264286.12,309719.08,954.49
86.40,264286.91,309719.23,954.76
86.50,264287.70,309719.37,955.03
86.60,264288.48,309719.51,955.30
86.70,264289.27,309719.64,955.56
86.80,264290.05,309719.76,955.82
86.90,264290.84,309719.89,956.08
87.00,264291.61,309720.02,956.33
87.10,264292.38,309720.14,956.57
87.20,264293.16,309720.26,956.80
87.30,264293.93,309720.38,957.02
87.40,264294.70,309720.49,957.24
87.50,264295.47,309720.60,957.44
87.60,264296.24,309720.71,957.63
87.70,264297.02,309720.82,957.82
87.80,264297.79,309720.92,958.01
87.90,264298.57,309721.02,958.20
88.00,264299.36,309721.10,958.38
88.10,264300.14,309721.18,958.55
88.20,264300.93,309721.26,958.72
88.30,264301.73,309721.34,958.88
88.40,264302.52,309721.41,959.04
88.50,264303.31,309721.49,959.20
88.60,264304.11,309721.56,959.36
88.70,264304.92,309721.63,959.52
88.80,264305.71,309721.70,959.68
88.90,264306.50,309721.77,959.84
89.00,264307.28,309721.84,959.99
89.10,264308.08,309721.91,960.14
89.20,264308.87,309721.98,960.27
89.30,264309.68,309722.04,960.40
89.40,264310.48,309722.10,960.53
89.50,264311.27,309722.16,960.65
89.60,264312.06,309722.20,960.76
89.70,264312.85,309722.24,960.88
89.80,264313.63,309722.28,960.98
89.90,264314.41,309722.32,961.08
90.00,264315.21,309722.35,961.18
90.10,264316.01,309722.38,961.28
90.20,264316.81,309722.40,961.37
90.30,264317.61,309722.42,961.47
90.40,264318.41,309722.43,961.55
90.50,264319.21,309722.43,961.63
90.60,264320.02,309722.42,961.71
90.70,264320.81,309722.41,961.79
90.80,264321.60,309722.40,961.86
90.90,264322.39,309722.39,961.93
91.00,264323.18,309722.36,961.99
91.10,264323.97,309722.34,962.05
91.20,264324.76,309722.30,962.10
91.30,264325.55,309722.26,962.15
91.40,264326.33,309722.21,962.19
91.50,264327.11,309722.16,962.23
91.60,264327.88,309722.11,962.27
91.70,264328.64,309722.05,962.29
91.80,264329.39,309721.99,962.31
91.90,264330.13,309721.93,962.33
92.00,264330.87,309721.86,962.35
92.10,264331.59,309721.79,962.36
92.20,264332.32,309721.71,962.36
92.30,264333.04,309721.63,962.35
92.40,264333.75,309721.55,962.34
92.50,264334.45,309721.47,962.33
92.60,264335.16,309721.39,962.32
92.70,264335.86,309721.30,962.30
92.80,264336.55,309721.21,962.26
92.90,264337.25,309721.11,962.23
93.00,264337.94,309721.00,962.19
93.10,264338.63,309720.90,962.15
93.20,264339.31,309720.78,962.11
93.30,264339.98,309720.65,962.06
93.40,264340.64,309720.52,962.01
93.50,264341.30,309720.39,961.96
93.60,264341.96,309720.25,961.90
93.70,264342.63,309720.10,961.83
93.80,264343.29,309719.94,961.76
93.90,264343.94,309719.78,961.68
94.00,264344.58,309719.61,961.60
94.10,264345.21,309719.44,961.52
94.20,264345.83,309719.26,961.43
94.30,264346.46,309719.08,961.35
94.40,264347.07,309718.89,961.26
94.50,264347.68,309718.70,961.16
94.60,264348.29,309718.50,961.06
94.70,264348.90,309718.29,960.96
94.80,264349.50,309718.08,960.86
94.90,264350.09,309717.86,960.77
95.00,264350.67,309717.63,960.67
95.10,264351.25,309717.41,960.57
95.20,264351.82,309717.17,960.47
95.30,264352.39,309716.92,960.36
95.40,264352.96,309716.66,960.26
95.50,264353.52,309716.39,960.16
95.60,264354.05,309716.12,960.05
95.70,264354.57,309715.84,959.95
95.80,264355.06,309715.56,959.84
95.90,264355.55,309715.28,959.72
96.00,264356.03,309715.00,959.60
96.10,264356.51,309714.71,959.47
96.20,264356.98,309714.42,959.34
96.30,264357.45,309714.12,959.21
96.40,264357.92,309713.83,959.07
96.50,264358.39,309713.52,958.93
96.60,264358.85,309713.20,958.78
96.70,264359.32,309712.87,958.62
96.80,264359.77,309712.53,958.46
96.90,264360.22,309712.18,958.29
97.00,264360.66,309711.83,958.13
97.10,264361.10,309711.47,957.97
97.20,264361.52,309711.10,957.81
97.30,264361.92,309710.73,957.64
97.40,264362.31,309710.35,957.47
97.50,264362.69,309709.96,957.28
97.60,264363.07,309709.56,957.08
97.70,264363.45,309709.15,956.88
97.80,264363.83,309708.73,956.67
97.90,264364.20,309708.31,956.46
98.00,264364.57,309707.88,956.24
98.10,264364.95,309707.45,956.02
98.20,264365.31,309707.01,955.79
98.30,264365.68,309706.56,955.57
98.40,264366.03,309706.11,955.34
98.50,264366.36,309705.64,955.11
98.60,264366.69,309705.16,954.88
98.70,264367.02,309704.67,954.64
98.80,264367.33,309704.17,954.41
98.90,264367.62,309703.67,954.17
99.00,264367.91,309703.16,953.93
99.10,264368.19,309702.64,953.69
99.20,264368.46,309702.12,953.46
99.30,264368.72,309701.59,953.22
99.40,264368.97,309701.05,952.97
99.50,264369.22,309700.49,952.72
99.60,264369.46,309699.93,952.47
99.70,264369.68,309699.35,952.22
99.80,264369.91,309698.77,951.95
99.90,264370.13,309698.18,951.68
100.00,264370.33,309697.59,951.40
100.10,264370.52,309696.99,951.11
100.20,264370.71,309696.39,950.82
100.30,264370.89,309695.78,950.52
100.40,264371.05,309695.16,950.21
100.50,264371.21,309694.53,949.90
100.60,264371.36,309693.88,949.58
100.70,264371.51,309693.23,949.25
100.80,264371.64,309692.57,948.93
100.90,264371.75,309691.90,948.60
101.00,264371.85,309691.23,948.26
101.10,264371.93,309690.54,947.91
101.20,264372.00,309689.85,947.56
101.30,264372.05,309689.15,947.20
101.40,264372.09,309688.45,946.83
101.50,264372.11,309687.74,946.46
101.60,264372.11,309687.02,946.07
101.70,264372.10,309686.30,945.69
101.80,264372.08,309685.58,945.30
101.90,264372.04,309684.84,944.90
102.00,264371.99,309684.09,944.50
102.10,264371.93,309683.33,944.10
102.20,264371.84,309682.56,943.69
102.30,264371.73,309681.79,943.28
102.40,264371.62,309681.02,942.86
102.50,264371.49,309680.23,942.42
102.60,264371.35,309679.44,941.97
102.70,264371.20,309678.65,941.52
102.80,264371.03,309677.86,941.07
102.90,264370.86,309677.08,940.60
103.00,264370.68,309676.30,940.12
103.10,264370.49,309675.52,939.64
103.20,264370.29,309674.74,939.15
103.30,264370.08,309673.96,938.66
103.40,264369.87,309673.18,938.16
103.50,264369.64,309672.41,937.65
103.60,264369.41,309671.64,937.15
103.70,264369.16,309670.88,936.65
103.80,264368.90,309670.11,936.15
103.90,264368.63,309669.35,935.65
104.00,264368.35,309668.59,935.15
104.10,264368.06,309667.84,934.64
104.20,264367.76,309667.10,934.14
104.30,264367.44,309666.35,933.64
104.40,264367.11,309665.62,933.14
104.50,264366.77,309664.89,932.63
104.60,264366.42,309664.16,932.13
104.70,264366.07,309663.44,931.63
104.80,264365.71,309662.72,931.13
104.90,264365.35,309662.00,930.62
105.00,264364.98,309661.28,930.12
105.10,264364.60,309660.57,929.62
105.20,264364.23,309659.86,929.12
105.30,264363.84,309659.16,928.62
105.40,264363.44,309658.46,928.12
105.50,264363.04,309657.76,927.62
105.60,264362.63,309657.06,927.11
105.70,264362.21,309656.37,926.61
105.80,264361.80,309655.68,926.11
105.90,264361.39,309654.99,925.61
106.00,264360.98,309654.29,925.11
106.10,264360.57,309653.60,924.60
106.20,264360.15,309652.91,924.11
106.30,264359.72,309652.23,923.61
106.40,264359.28,309651.55,923.12
106.50,264358.84,309650.88,922.62
106.60,264358.40,309650.21,922.12
106.70,264357.94,309649.54,921.62
106.80,264357.49,309648.88,921.12
106.90,264357.02,309648.22,920.62
107.00,264356.55,309647.57,920.12
107.10,264356.07,309646.91,919.62
107.20,264355.60,309646.26,919.12
107.30,264355.11,309645.61,918.62
107.40,264354.62,309644.98,918.12
107.50,264354.11,309644.34,917.61
107.60,264353.61,309643.71,917.11
107.70,264353.10,309643.08,916.61
107.80,264352.60,309642.45,916.11
107.90,264352.08,309641.83,915.61
108.00,264351.56,309641.22,915.11
108.10,264351.04,309640.60,914.60
108.20,264350.52,309640.00,914.10
108.30,264349.98,309639.39,913.60
108.40,264349.45,309638.78,913.10
108.50,264348.92,309638.17,912.60
108.60,264348.38,309637.57,912.10
108.70,264347.84,309636.97,911.60
108.80,264347.31,309636.37,911.10
108.90,264346.77,309635.77,910.62
109.00,264346.23,309635.17,910.13
109.10,264345.68,309634.58,909.65
109.20,264345.13,309633.99,909.16
109.30,264344.58,309633.40,908.66
109.40,264344.02,309632.82,908.17
109.50,264343.46,309632.24,907.66
109.60,264342.90,309631.66,907.17
109.70,264342.33,309631.08,906.67
109.80,264341.77,309630.50,906.17
109.90,264341.20,309629.93,905.66
110.00,264340.63,309629.36,905.17
110.10,264340.06,309628.80,904.67
110.20,264339.49,309628.23,904.18
110.30,264338.91,309627.67,903.68
110.40,264338.33,309627.11,903.19
110.50,264337.75,309626.55,902.70
110.60,264337.16,309625.98,902.23
110.70,264336.59,309625.43,901.75
110.80,264336.00,309624.87,901.28
110.90,264335.42,309624.32,900.81
111.00,264334.83,309623.76,900.33
111.10,264334.24,309623.21,899.85
111.20,264333.66,309622.66,899.37
111.30,264333.07,309622.11,898.89
111.40,264332.48,309621.56,898.40
111.50,264331.90,309621.01,897.92
111.60,264331.32,309620.45,897.44
111.70,264330.75,309619.88,896.95
111.80,264330.17,309619.32,896.45
111.90,264329.59,309618.77,895.95
112.00,264328.99,309618.22,895.44
112.10,264328.40,309617.68,894.94
112.20,264327.80,309617.14,894.44
112.30,264327.20,309616.60,893.94
112.40,264326.60,309616.06,893.44
112.50,264325.99,309615.53,892.95
112.60,264325.38,309614.99,892.45
112.70,264324.77,309614.46,891.95
112.80,264324.16,309613.93,891.45
112.90,264323.56,309613.40,890.95
113.00,264322.94,309612.88,890.45
113.10,264322.32,309612.36,889.95
113.20,264321.70,309611.84,889.45
113.30,264321.08,309611.33,888.95
113.40,264320.46,309610.82,888.46
113.50,264319.84,309610.31,887.97
113.60,264319.21,309609.80,887.47
113.70,264318.58,309609.30,886.97
113.80,264317.95,309608.80,886.47
113.90,264317.32,309608.30,885.97
114.00,264316.68,309607.80,885.47
114.10,264316.05,309607.30,884.98
114.20,264315.42,309606.80,884.49
114.30,264314.79,309606.30,883.99
114.40,264314.16,309605.80,883.50
114.50,264313.53,309605.29,883.01
114.60,264312.90,309604.78,882.52
114.70,264312.28,309604.27,882.03
114.80,264311.66,309603.76,881.55
114.90,264311.04,309603.24,881.06
115.00,264310.42,309602.72,880.59
115.10,264309.80,309602.20,880.12
115.20,264309.18,309601.69,879.65
115.30,264308.55,309601.17,879.19
115.40,264307.92,309600.66,878.72
115.50,264307.30,309600.15,878.26
115.60,264306.68,309599.64,877.79
115.70,264306.06,309599.13,877.32
115.80,264305.44,309598.61,876.85
115.90,264304.81,309598.10,876.38
116.00,264304.19,309597.59,875.91
116.10,264303.56,309597.08,875.43
116.20,264302.93,309596.58,874.96
116.30,264302.30,309596.08,874.48
116.40,264301.66,309595.57,874.02
116.50,264301.02,309595.08,873.55
116.60,264300.38,309594.59,873.09
116.70,264299.74,309594.11,872.61
116.80,264299.10,309593.62,872.14
116.90,264298.46,309593.13,871.66
117.00,264297.81,309592.64,871.18
117.10,264297.17,309592.15,870.70
117.20,264296.53,309591.66,870.21
117.30,264295.89,309591.18,869.73
117.40,264295.25,309590.69,869.25
117.50,264294.61,309590.20,868.77
117.60,264293.98,309589.70,868.29
117.70,264293.34,309589.20,867.82
117.80,264292.70,309588.70,867.35
117.90,264292.07,309588.21,866.87
118.00,264291.43,309587.72,866.40
118.10,264290.79,309587.23,865.93
118.20,264290.15,309586.74,865.46
118.30,264289.51,309586.25,864.99
118.40,264288.87,309585.77,864.52
118.50,264288.23,309585.28,864.06
118.60,264287.59,309584.80,863.60
118.70,264286.95,309584.31,863.13
118.80,264286.31,309583.83,862.67
118.90,264285.66,309583.34,862.21
119.00,264285.02,309582.86,861.75
119.10,264284.38,309582.37,861.29
119.20,264283.74,309581.89,860.82
119.30,264283.09,309581.41,860.36
119.40,264282.44,309580.93,859.89
119.50,264281.79,309580.45,859.43
119.60,264281.14,309579.97,858.97
119.70,264280.50,309579.49,858.50
119.80,264279.86,309579.00,858.04
119.90,264279.21,309578.52,857.59
120.00,264278.56,309578.04,857.15
120.10,264277.91,309577.57,856.71
120.20,264277.26,309577.10,856.27
120.30,264276.61,309576.63,855.83
120.40,264275.96,309576.16,855.40
120.50,264275.30,309575.68,854.96
120.60,264274.64,309575.22,854.52
120.70,264273.97,309574.77,854.09
120.80,264273.31,309574.31,853.65
120.90,264272.65,309573.85,853.21
121.00,264271.98,309573.39,852.78
121.10,264271.32,309572.94,852.35
121.20,264270.65,309572.48,851.92
121.30,264269.98,309572.03,851.49
121.40,264269.31,309571.58,851.05
121.50,264268.63,309571.13,850.62
121.60,264267.97,309570.70,850.18
121.70,264267.29,309570.25,849.75
121.80,264266.61,309569.81,849.32
121.90,264265.93,309569.38,848.90
122.00,264265.26,309568.94,848.49
122.10,264264.58,309568.51,848.08
122.20,264263.91,309568.07,847.66
122.30,264263.22,309567.63,847.24
122.40,264262.55,309567.20,846.83
122.50,264261.86,309566.77,846.42
122.60,264261.18,309566.35,846.01
122.70,264260.49,309565.92,845.60
122.80,264259.81,309565.49,845.19
122.90,264259.13,309565.06,844.77
123.00,264258.44,309564.64,844.36
123.10,264257.75,309564.21,843.94
123.20,264257.07,309563.79,843.52
123.30,264256.39,309563.36,843.11
123.40,264255.70,309562.94,842.69
123.50,264255.02,309562.52,842.27
123.60,264254.33,309562.10,841.86
123.70,264253.63,309561.69,841.45
123.80,264252.94,309561.27,841.05
123.90,264252.26,309560.86,840.65
124.00,264251.57,309560.44,840.25
124.10,264250.88,309560.01,839.85
124.20,264250.19,309559.60,839.45
124.30,264249.50,309559.18,839.04
124.40,264248.81,309558.77,838.64
124.50,264248.11,309558.35,838.24
124.60,264247.41,309557.94,837.83
124.70,264246.72,309557.54,837.43
124.80,264246.02,309557.13,837.02
124.90,264245.33,309556.73,836.62
125.00,264244.63,309556.32,836.22
125.10,264243.93,309555.91,835.83
125.20,264243.24,309555.50,835.44
125.30,264242.53,309555.11,835.04
125.40,264241.83,309554.71,834.65
125.50,264241.13,309554.32,834.26
125.60,264240.42,309553.92,833.87
125.70,264239.71,309553.53,833.48
125.80,264239.01,309553.15,833.10
125.90,264238.31,309552.75,832.72
126.00,264237.62,309552.35,832.35
126.10,264236.92,309551.94,831.98
126.20,264236.22,309551.53,831.61
126.30,264235.51,309551.13,831.24
126.40,264234.82,309550.72,830.87
126.50,264234.13,309550.32,830.49
126.60,264233.43,309549.90,830.12
126.70,264232.74,309549.49,829.75
126.80,264232.05,309549.08,829.39
126.90,264231.35,309548.67,829.03
127.00,264230.65,309548.26,828.68
127.10,264229.96,309547.85,828.33
127.20,264229.26,309547.44,827.99
127.30,264228.57,309547.04,827.64
127.40,264227.88,309546.63,827.30
127.50,264227.18,309546.23,826.96
127.60,264226.49,309545.82,826.61
127.70,264225.78,309545.42,826.27
127.80,264225.07,309545.03,825.93
127.90,264224.36,309544.65,825.58
128.00,264223.66,309544.26,825.23
128.10,264222.95,309543.87,824.88
128.20,264222.25,309543.48,824.54
128.30,264221.55,309543.08,824.18
128.40,264220.84,309542.69,823.83
128.50,264220.14,309542.31,823.48
128.60,264219.43,309541.92,823.14
128.70,264218.71,309541.54,822.79
128.80,264218.00,309541.16,822.45
128.90,264217.29,309540.78,822.11
129.00,264216.58,309540.41,821.78
129.10,264215.87,309540.04,821.46
129.20,264215.16,309539.66,821.14
129.30,264214.45,309539.28,820.82
129.40,264213.74,309538.90,820.51
129.50,264213.03,309538.52,820.20
129.60,264212.33,309538.13,819.90
129.70,264211.62,309537.75,819.61
129.80,264210.91,309537.36,819.33
129.90,264210.20,309536.98,819.05
130.00,264209.49,309536.59,818.78
130.10,264208.78,309536.21,818.52
130.20,264208.07,309535.83,818.25
130.30,264207.36,309535.46,817.99
130.40,264206.64,309535.09,817.74
130.50,264205.93,309534.71,817.49
130.60,264205.22,309534.33,817.24
130.70,264204.51,309533.97,816.99
130.80,264203.79,309533.60,816.74
130.90,264203.07,309533.25,816.49
131.00,264202.35,309532.89,816.25
131.10,264201.63,309532.55,816.01
131.20,264200.91,309532.20,815.77
131.30,264200.18,309531.85,815.53
131.40,264199.46,309531.51,815.30
131.50,264198.73,309531.16,815.08
131.60,264198.01,309530.81,814.87
131.70,264197.28,309530.46,814.65
131.80,264196.55,309530.11,814.43
131.90,264195.83,309529.76,814.22
132.00,264195.11,309529.40,814.01
132.10,264194.38,309529.04,813.82
132.20,264193.66,309528.68,813.63
132.30,264192.95,309528.32,813.43
132.40,264192.22,309527.96,813.25
132.50,264191.50,309527.61,813.06
132.60,264190.78,309527.26,812.88
132.70,264190.05,309526.90,812.70
132.80,264189.33,309526.55,812.53
132.90,264188.61,309526.19,812.36
133.00,264187.88,309525.84,812.18
133.10,264187.16,309525.49,812.01
133.20,264186.44,309525.14,811.84
133.30,264185.72,309524.79,811.66
133.40,264185.01,309524.44,811.49
133.50,264184.28,309524.09,811.32
133.60,264183.56,309523.75,811.15
133.70,264182.83,309523.40,810.99
133.80,264182.10,309523.06,810.83
133.90,264181.36,309522.73,810.68
134.00,264180.63,309522.39,810.54
134.10,264179.90,309522.07,810.40
134.20,264179.16,309521.74,810.27
134.30,264178.43,309521.42,810.14
134.40,264177.69,309521.10,810.02
134.50,264176.95,309520.78,809.90
134.60,264176.20,309520.47,809.79
134.70,264175.45,309520.17,809.68
134.80,264174.71,309519.87,809.58
134.90,264173.96,309519.57,809.48
135.00,264173.21,309519.28,809.38
135.10,264172.46,309518.98,809.29
135.20,264171.71,309518.69,809.20
135.30,264170.97,309518.40,809.12
135.40,264170.22,309518.11,809.04
135.50,264169.48,309517.83,808.96
135.60,264168.73,309517.54,808.89
135.70,264167.99,309517.25,808.83
135.80,264167.24,309516.96,808.76
135.90,264166.49,309516.67,808.70
136.00,264165.75,309516.37,808.63
136.10,264165.00,309516.08,808.56
136.20,264164.25,309515.79,808.51
136.30,264163.50,309515.50,808.46
136.40,264162.75,309515.21,808.42
136.50,264162.00,309514.92,808.38
136.60,264161.26,309514.62,808.35
136.70,264160.51,309514.33,808.32
136.80,264159.76,309514.03,808.30
136.90,264159.00,309513.74,808.27
137.00,264158.25,309513.46,808.25
137.10,264157.50,309513.17,808.24
137.20,264156.75,309512.89,808.24
137.30,264156.00,309512.61,808.24
137.40,264155.25,309512.33,808.24
137.50,264154.49,309512.05,808.23
137.60,264153.74,309511.77,808.24
137.70,264152.99,309511.49,808.25
137.80,264152.24,309511.21,808.26
137.90,264151.50,309510.94,808.30
138.00,264150.75,309510.67,808.33
138.10,264150.00,309510.39,808.38
138.20,264149.25,309510.11,808.42
138.30,264148.49,309509.83,808.48
138.40,264147.74,309509.55,808.54
138.50,264146.99,309509.26,808.61
138.60,264146.25,309508.97,808.69
138.70,264145.51,309508.68,808.77
138.80,264144.75,309508.38,808.87
138.90,264144.00,309508.08,808.97
139.00,264143.25,309507.79,809.08
139.10,264142.51,309507.50,809.18
139.20,264141.76,309507.20,809.29
139.30,264141.01,309506.91,809.40
139.40,264140.26,309506.62,809.52
139.50,264139.51,309506.34,809.65
139.60,264138.75,309506.07,809.79
139.70,264138.00,309505.80,809.93
139.80,264137.24,309505.53,810.06
139.90,264136.48,309505.26,810.20
140.00,264135.72,309505.00,810.34
140.10,264134.97,309504.75,810.49
140.20,264134.22,309504.48,810.65
140.30,264133.46,309504.21,810.80
140.40,264132.71,309503.94,810.96
140.50,264131.95,309503.68,811.12
140.60,264131.20,309503.42,811.28
140.70,264130.44,309503.15,811.45
140.80,264129.68,309502.89,811.62
140.90,264128.91,309502.64,811.80
141.00,264128.15,309502.39,811.98
141.10,264127.39,309502.13,812.18
141.20,264126.62,309501.88,812.39
141.30,264125.85,309501.62,812.60
141.40,264125.09,309501.37,812.82
141.50,264124.32,309501.12,813.05
141.60,264123.55,309500.87,813.28
141.70,264122.79,309500.63,813.52
141.80,264122.03,309500.39,813.76
141.90,264121.27,309500.15,814.00
142.00,264120.51,309499.91,814.24
142.10,264119.74,309499.66,814.48
142.20,264118.98,309499.42,814.74
142.30,264118.22,309499.18,815.01
142.40,264117.46,309498.93,815.28
142.50,264116.69,309498.68,815.56
142.60,264115.94,309498.44,815.84
142.70,264115.18,309498.19,816.13
142.80,264114.42,309497.95,816.42
142.90,264113.65,309497.71,816.72
143.00,264112.89,309497.47,817.02
143.10,264112.13,309497.23,817.34
143.20,264111.37,309497.00,817.66
143.30,264110.60,309496.77,817.98
143.40,264109.84,309496.53,818.31
143.50,264109.08,309496.30,818.64
143.60,264108.31,309496.06,818.98
143.70,264107.55,309495.82,819.33
143.80,264106.78,309495.58,819.68
143.90,264106.01,309495.36,820.03
144.00,264105.24,309495.13,820.38
144.10,264104.47,309494.91,820.75
144.20,264103.70,309494.68,821.12
144.30,264102.93,309494.46,821.50
144.40,264102.16,309494.24,821.88
144.50,264101.39,309494.02,822.27
144.60,264100.62,309493.81,822.66
144.70,264099.86,309493.59,823.07
144.80,264099.08,309493.38,823.47
144.90,264098.31,309493.17,823.89
145.00,264097.53,309492.96,824.31
145.10,264096.76,309492.75,824.74
145.20,264095.99,309492.54,825.18
145.30,264095.21,309492.32,825.62
145.40,264094.44,309492.11,826.07
145.50,264093.67,309491.90,826.54
145.60,264092.90,309491.69,827.01
145.70,264092.13,309491.48,827.49
145.80,264091.36,309491.27,827.97
145.90,264090.58,309491.06,828.46
146.00,264089.81,309490.85,828.97
146.10,264089.03,309490.64,829.47
146.20,264088.26,309490.44,829.98
146.30,264087.49,309490.23,830.48
146.40,264086.72,309490.03,830.98
146.50,264085.95,309489.84,831.49
146.60,264085.17,309489.65,831.99
146.70,264084.40,309489.46,832.50
146.80,264083.63,309489.26,833.00
146.90,264082.86,309489.07,833.50
147.00,264082.10,309488.88,834.01
147.10,264081.33,309488.70,834.51
147.20,264080.57,309488.52,835.01
147.30,264079.81,309488.34,835.51
147.40,264079.05,309488.17,836.02
147.50,264078.29,309487.99,836.52
147.60,264077.53,309487.81,837.02
147.70,264076.77,309487.63,837.52
147.80,264076.01,309487.46,838.02
147.90,264075.25,309487.28,838.52
148.00,264074.48,309487.10,839.03
148.10,264073.72,309486.93,839.53
148.20,264072.96,309486.76,840.04
148.30,264072.20,309486.59,840.54
148.40,264071.45,309486.43,841.05
148.50,264070.71,309486.26,841.55
148.60,264069.97,309486.09,842.05
148.70,264069.24,309485.92,842.55
148.80,264068.49,309485.75,843.05
148.90,264067.74,309485.59,843.54
149.00,264066.99,309485.43,844.05
149.10,264066.23,309485.27,844.55
149.20,264065.46,309485.12,845.06
149.30,264064.69,309484.96,845.56
149.40,264063.91,309484.81,846.06
149.50,264063.12,309484.66,846.57
149.60,264062.33,309484.52,847.07
149.70,264061.54,309484.38,847.58
149.80,264060.75,309484.24,848.08
149.90,264059.97,309484.11,848.58
150.00,264059.19,309483.97,849.08
150.10,264058.40,309483.84,849.59
150.20,264057.62,309483.71,850.09
150.30,264056.85,309483.58,850.60
150.40,264056.08,309483.45,851.10
150.50,264055.31,309483.32,851.61
150.60,264054.53,309483.20,852.11
150.70,264053.76,309483.08,852.61
150.80,264052.99,309482.95,853.12
150.90,264052.22,309482.83,853.62
151.00,264051.44,309482.71,854.12
151.10,264050.67,309482.59,854.62
151.20,264049.89,309482.48,855.12
151.30,264049.11,309482.36,855.63
151.40,264048.33,309482.25,856.13
151.50,264047.54,309482.13,856.63
151.60,264046.75,309482.01,857.14
151.70,264045.95,309481.90,857.64
151.80,264045.16,309481.80,858.14
151.90,264044.36,309481.69,858.65
152.00,264043.57,309481.59,859.15
152.10,264042.77,309481.49,859.65
152.20,264041.98,309481.40,860.16
152.30,264041.20,309481.31,860.66
152.40,264040.42,309481.24,861.17
152.50,264039.65,309481.17,861.67
152.60,264038.87,309481.10,862.17
152.70,264038.09,309481.04,862.67
152.80,264037.32,309480.98,863.18
152.90,264036.54,309480.93,863.68
153.00,264035.77,309480.88,864.18
153.10,264035.01,309480.82,864.68
153.20,264034.24,309480.77,865.19
153.30,264033.48,309480.71,865.69
153.40,264032.71,309480.65,866.20
153.50,264031.95,309480.59,866.70
153.60,264031.18,309480.52,867.20
153.70,264030.42,309480.47,867.70
153.80,264029.66,309480.41,868.21
153.90,264028.89,309480.35,868.71
154.00,264028.13,309480.30,869.21
154.10,264027.37,309480.25,869.71
154.20,264026.62,309480.20,870.21
154.30,264025.87,309480.16,870.71
154.40,264025.11,309480.12,871.22
154.50,264024.34,309480.08,871.72
154.60,264023.58,309480.05,872.23
154.70,264022.81,309480.03,872.73
154.80,264022.05,309480.01,873.24
154.90,264021.29,309479.99,873.74
155.00,264020.54,309479.97,874.25
155.10,264019.79,309479.96,874.75
155.20,264019.04,309479.95,875.25
155.30,264018.30,309479.94,875.76
155.40,264017.56,309479.92,876.26
155.50,264016.83,309479.91,876.77
155.60,264016.11,309479.90,877.27
155.70,264015.39,309479.88,877.77
155.80,264014.68,309479.87,878.27
155.90,264013.98,309479.86,878.78
156.00,264013.27,309479.84,879.28
156.10,264012.58,309479.83,879.79
156.20,264011.90,309479.82,880.29
156.30,264011.21,309479.82,880.80
156.40,264010.53,309479.82,881.30
156.50,264009.86,309479.82,881.81
156.60,264009.19,309479.82,882.31
156.70,264008.51,309479.82,882.81
156.80,264007.83,309479.83,883.31
156.90,264007.15,309479.83,883.81
157.00,264006.48,309479.82,884.32
157.10,264005.81,309479.82,884.82
157.20,264005.15,309479.81,885.32
157.30,264004.49,309479.80,885.82
157.40,264003.84,309479.79,886.32
157.50,264003.19,309479.78,886.83
157.60,264002.54,309479.77,887.33
157.70,264001.90,309479.77,887.84
157.80,264001.27,309479.77,888.34
157.90,264000.64,309479.77,888.84
158.00,264000.02,309479.77,889.35
158.10,263999.39,309479.76,889.86
158.20,263998.76,309479.75,890.36
158.30,263998.13,309479.74,890.86
158.40,263997.50,309479.74,891.37
158.50,263996.88,309479.73,891.87
158.60,263996.26,309479.73,892.38
158.70,263995.64,309479.71,892.88
158.80,263995.03,309479.70,893.39
158.90,263994.43,309479.69,893.89
159.00,263993.82,309479.67,894.40
159.10,263993.22,309479.66,894.90
159.20,263992.62,309479.65,895.41
159.30,263992.02,309479.64,895.91
159.40,263991.40,309479.63,896.41
159.50,263990.79,309479.61,896.92
159.60,263990.17,309479.60,897.42
159.70,263989.55,309479.59,897.93
159.80,263988.94,309479.59,898.43
159.90,263988.33,309479.58,898.93
160.00,263987.72,309479.57,899.44
160.10,263987.14,309479.55,899.94
160.20,263986.56,309479.53,900.45
160.30,263985.98,309479.50,900.95
160.40,263985.40,309479.48,901.45
160.50,263984.81,309479.45,901.95
160.60,263984.23,309479.42,902.45
160.70,263983.67,309479.39,902.96
160.80,263983.11,309479.36,903.47
160.90,263982.56,309479.34,903.97
161.00,263982.01,309479.30,904.47
161.10,263981.47,309479.27,904.97
161.20,263980.93,309479.23,905.48
161.30,263980.41,309479.19,905.98
161.40,263979.90,309479.15,906.49
161.50,263979.37,309479.12,906.99
161.60,263978.85,309479.08,907.49
161.70,263978.32,309479.04,907.99
161.80,263977.80,309479.00,908.50
161.90,263977.27,309478.96,909.00
162.00,263976.74,309478.93,909.50
162.10,263976.20,309478.90,910.01
162.20,263975.66,309478.86,910.52
162.30,263975.13,309478.83,911.02
162.40,263974.61,309478.80,911.52
162.50,263974.09,309478.76,912.02
162.60,263973.57,309478.73,912.53
162.70,263973.05,309478.69,913.03
162.80,263972.52,309478.65,913.54
162.90,263971.99,309478.60,914.04
163.00,263971.46,309478.56,914.55
163.10,263970.94,309478.52,915.05
163.20,263970.41,309478.49,915.55
163.30,263969.89,309478.45,916.06
163.40,263969.37,309478.41,916.56
163.50,263968.86,309478.36,917.06
163.60,263968.34,309478.32,917.56
163.70,263967.84,309478.28,918.07
163.80,263967.33,309478.24,918.58
163.90,263966.83,309478.19,919.08
164.00,263966.33,309478.14,919.58
164.10,263965.83,309478.08,920.10
164.20,263965.34,309478.02,920.60
164.30,263964.84,309477.96,921.11
164.40,263964.34,309477.90,921.61
164.50,263963.85,309477.85,922.13
164.60,263963.35,309477.80,922.63
164.70,263962.86,309477.75,923.14
164.80,263962.39,309477.71,923.64
164.90,263961.91,309477.66,924.14
165.00,263961.44,309477.61,924.65
165.10,263960.98,309477.56,925.15
165.20,263960.51,309477.51,925.65
165.30,263960.05,309477.46,926.16
165.40,263959.60,309477.40,926.67
165.50,263959.14,309477.35,927.17
165.60,263958.68,309477.29,927.68
165.70,263958.23,309477.23,928.18
165.80,263957.78,309477.17,928.69
165.90,263957.33,309477.11,929.19
166.00,263956.89,309477.04,929.69
166.10,263956.45,309476.97,930.19
166.20,263956.01,309476.91,930.69
166.30,263955.57,309476.85,931.20
166.40,263955.13,309476.79,931.70
166.50,263954.69,309476.73,932.20
166.60,263954.25,309476.68,932.71
166.70,263953.82,309476.63,933.21
166.80,263953.38,309476.58,933.71
166.90,263952.94,309476.53,934.22
167.00,263952.51,309476.48,934.72
167.10,263952.07,309476.43,935.23
167.20,263951.63,309476.38,935.73
167.30,263951.19,309476.35,936.23
167.40,263950.75,309476.31,936.74
167.50,263950.32,309476.28,937.24
167.60,263949.89,309476.24,937.75
167.70,263949.47,309476.20,938.26
167.80,263949.06,309476.17,938.76
167.90,263948.66,309476.13,939.26
168.00,263948.26,309476.10,939.76
168.10,263947.87,309476.07,940.27
168.20,263947.48,309476.05,940.78
168.30,263947.09,309476.02,941.28
168.40,263946.70,309476.00,941.78
168.50,263946.31,309475.98,942.29
168.60,263945.92,309475.96,942.79
168.70,263945.53,309475.94,943.30
168.80,263945.15,309475.93,943.81
168.90,263944.78,309475.90,944.31
169.00,263944.41,309475.88,944.81
169.10,263944.04,309475.86,945.32
169.20,263943.68,309475.84,945.82
169.30,263943.33,309475.81,946.32
169.40,263942.99,309475.80,946.82
169.50,263942.64,309475.78,947.33
169.60,263942.30,309475.76,947.84
169.70,263941.95,309475.74,948.34
169.80,263941.60,309475.73,948.85
169.90,263941.26,309475.72,949.35
170.00,263940.93,309475.71,949.85
170.10,263940.60,309475.71,950.36
170.20,263940.27,309475.70,950.86
170.30,263939.95,309475.69,951.37
170.40,263939.63,309475.68,951.87
170.50,263939.33,309475.69,952.38
170.60,263939.02,309475.69,952.88
170.70,263938.71,309475.69,953.38
170.80,263938.41,309475.70,953.89
170.90,263938.11,309475.71,954.39
171.00,263937.82,309475.73,954.90
171.10,263937.53,309475.74,955.40
171.20,263937.24,309475.76,955.90
171.30,263936.94,309475.79,956.40
171.40,263936.64,309475.81,956.91
171.50,263936.34,309475.83,957.41
171.60,263936.05,309475.84,957.92
171.70,263935.76,309475.85,958.42
171.80,263935.47,309475.86,958.92
171.90,263935.17,309475.86,959.43
172.00,263934.88,309475.86,959.93
172.10,263934.60,309475.86,960.44
172.20,263934.32,309475.85,960.94
172.30,263934.03,309475.84,961.45
172.40,263933.73,309475.83,961.95
172.50,263933.43,309475.81,962.46
172.60,263933.11,309475.80,962.96
172.70,263932.80,309475.78,963.47
172.80,263932.50,309475.76,963.98
172.90,263932.20,309475.74,964.48
173.00,263931.90,309475.72,964.99
173.10,263931.61,309475.71,965.50
173.20,263931.32,309475.69,966.01
173.30,263931.04,309475.67,966.52
173.40,263930.76,309475.65,967.02
173.50,263930.48,309475.63,967.52
173.60,263930.19,309475.61,968.03
173.70,263929.90,309475.60,968.53
173.80,263929.61,309475.59,969.03
173.90,263929.33,309475.58,969.54
174.00,263929.05,309475.57,970.04
174.10,263928.78,309475.56,970.54
174.20,263928.51,309475.56,971.04
174.30,263928.24,309475.55,971.55
174.40,263927.97,309475.55,972.06
174.50,263927.71,309475.56,972.56
174.60,263927.46,309475.57,973.06
174.70,263927.21,309475.59,973.56
174.80,263926.96,309475.62,974.06
174.90,263926.73,309475.64,974.57
175.00,263926.51,309475.66,975.07
175.10,263926.30,309475.68,975.57
175.20,263926.10,309475.69,976.07
175.30,263925.89,309475.70,976.58
175.40,263925.69,309475.71,977.08
175.50,263925.50,309475.72,977.58
175.60,263925.31,309475.74,978.09
175.70,263925.11,309475.76,978.60
175.80,263924.92,309475.78,979.10
175.90,263924.73,309475.80,979.60
176.00,263924.54,309475.83,980.11
176.10,263924.35,309475.85,980.61
176.20,263924.16,309475.88,981.10
176.30,263923.97,309475.91,981.60
176.40,263923.78,309475.94,982.11
176.50,263923.59,309475.96,982.62
176.60,263923.40,309475.98,983.12
176.70,263923.21,309476.01,983.63
176.80,263923.02,309476.03,984.14
176.90,263922.83,309476.05,984.64
177.00,263922.64,309476.07,985.15
177.10,263922.45,309476.09,985.65
177.20,263922.25,309476.11,986.16
177.30,263922.06,309476.12,986.67
177.40,263921.87,309476.14,987.17
177.50,263921.67,309476.15,987.67
177.60,263921.48,309476.15,988.18
177.70,263921.29,309476.16,988.69
177.80,263921.11,309476.16,989.19
177.90,263920.92,309476.16,989.70
178.00,263920.74,309476.16,990.20
178.10,263920.56,309476.17,990.70
178.20,263920.39,309476.17,991.21
178.30,263920.22,309476.18,991.72
178.40,263920.06,309476.19,992.22
178.50,263919.89,309476.20,992.72
178.60,263919.74,309476.21,993.23
178.70,263919.59,309476.22,993.73
178.80,263919.45,309476.24,994.23
178.90,263919.30,309476.25,994.73
179.00,263919.16,309476.25,995.24
179.10,263919.03,309476.27,995.75
179.20,263918.89,309476.28,996.25
179.30,263918.76,309476.30,996.75
179.40,263918.63,309476.32,997.25
179.50,263918.51,309476.33,997.76
179.60,263918.39,309476.35,998.26
179.70,263918.28,309476.37,998.77
179.80,263918.16,309476.39,999.27
179.90,263918.05,309476.41,999.77
180.00,263917.94,309476.43,1000.27
180.10,263917.83,309476.44,1000.78
180.20,263917.73,309476.45,1001.29
180.30,263917.63,309476.47,1001.78
180.40,263917.54,309476.48,1002.28
180.50,263917.45,309476.50,1002.78
180.60,263917.37,309476.52,1003.28
180.70,263917.28,309476.54,1003.79
180.80,263917.20,309476.56,1004.29
180.90,263917.12,309476.57,1004.80
181.00,263917.03,309476.59,1005.29
181.10,263916.96,309476.60,1005.79
181.20,263916.88,309476.62,1006.30
181.30,263916.80,309476.63,1006.80
181.40,263916.73,309476.64,1007.31
181.50,263916.65,309476.65,1007.81
181.60,263916.58,309476.66,1008.32
181.70,263916.50,309476.68,1008.82
181.80,263916.44,309476.70,1009.32
181.90,263916.37,309476.71,1009.83
182.00,263916.30,309476.72,1010.33
182.10,263916.25,309476.74,1010.84
182.20,263916.19,309476.75,1011.34
182.30,263916.14,309476.77,1011.84
182.40,263916.09,309476.78,1012.35
182.50,263916.03,309476.79,1012.86
182.60,263915.98,309476.79,1013.36
182.70,263915.92,309476.80,1013.86
182.80,263915.86,309476.81,1014.36
182.90,263915.81,309476.82,1014.86
183.00,263915.76,309476.83,1015.36
183.10,263915.72,309476.83,1015.86
183.20,263915.69,309476.83,1016.37
183.30,263915.66,309476.83,1016.87
183.40,263915.63,309476.83,1017.37
183.50,263915.60,309476.83,1017.88
183.60,263915.56,309476.83,1018.38
183.70,263915.53,309476.83,1018.88
183.80,263915.50,309476.83,1019.38
183.90,263915.47,309476.83,1019.89
184.00,263915.43,309476.83,1020.39
184.10,263915.40,309476.83,1020.90
184.20,263915.36,309476.84,1021.40
184.30,263915.31,309476.85,1021.90
184.40,263915.27,309476.86,1022.41
184.50,263915.22,309476.88,1022.91
184.60,263915.18,309476.89,1023.43
184.70,263915.14,309476.91,1023.93
184.80,263915.11,309476.92,1024.43
184.90,263915.09,309476.93,1024.93
185.00,263915.07,309476.94,1025.43
185.10,263915.06,309476.95,1025.93
185.20,263915.05,309476.95,1026.44
185.30,263915.05,309476.96,1026.94
185.40,263915.05,309476.97,1027.45
185.50,263915.06,309476.97,1027.95
185.60,263915.06,309476.97,1028.45
185.70,263915.06,309476.95,1028.95
185.80,263915.06,309476.93,1029.45
185.90,263915.06,309476.90,1029.96
186.00,263915.07,309476.87,1030.46
186.10,263915.07,309476.84,1030.97
186.20,263915.08,309476.81,1031.47
186.30,263915.08,309476.78,1031.97
186.40,263915.10,309476.75,1032.48
186.50,263915.13,309476.71,1032.99
186.60,263915.15,309476.68,1033.49
186.70,263915.17,309476.64,1034.00
186.80,263915.20,309476.59,1034.50
186.90,263915.24,309476.54,1035.01
187.00,263915.28,309476.49,1035.51
187.10,263915.31,309476.42,1036.01
187.20,263915.34,309476.36,1036.52
187.30,263915.38,309476.29,1037.02
187.40,263915.42,309476.23,1037.53
187.50,263915.46,309476.16,1038.03
187.60,263915.51,309476.09,1038.53
187.70,263915.56,309476.02,1039.03
187.80,263915.63,309475.95,1039.54
187.90,263915.70,309475.88,1040.04
188.00,263915.78,309475.80,1040.55
188.10,263915.88,309475.72,1041.05
188.20,263915.97,309475.65,1041.56
188.30,263916.06,309475.57,1042.06
188.40,263916.15,309475.49,1042.56
188.50,263916.23,309475.41,1043.07
188.60,263916.31,309475.33,1043.57
188.70,263916.39,309475.25,1044.07
188.80,263916.47,309475.17,1044.58
188.90,263916.55,309475.09,1045.09
189.00,263916.63,309475.00,1045.59
189.10,263916.73,309474.91,1046.09
189.20,263916.83,309474.81,1046.60
189.30,263916.94,309474.72,1047.10
189.40,263917.05,309474.62,1047.60
189.50,263917.16,309474.52,1048.10
189.60,263917.28,309474.42,1048.60
189.70,263917.39,309474.32,1049.10
189.80,263917.50,309474.22,1049.60
189.90,263917.62,309474.13,1050.10
190.00,263917.73,309474.03,1050.61
190.10,263917.85,309473.93,1051.11
190.20,263917.97,309473.82,1051.61
190.30,263918.09,309473.72,1052.12
190.40,263918.21,309473.62,1052.62
190.50,263918.34,309473.51,1053.12
190.60,263918.46,309473.39,1053.62
190.70,263918.59,309473.28,1054.13
190.80,263918.71,309473.16,1054.63
190.90,263918.83,309473.05,1055.13
191.00,263918.95,309472.93,1055.64
191.10,263919.06,309472.81,1056.15
191.20,263919.18,309472.69,1056.64
191.30,263919.28,309472.56,1057.15
191.40,263919.39,309472.43,1057.66
191.50,263919.49,309472.28,1058.16
191.60,263919.60,309472.13,1058.66
191.70,263919.72,309471.98,1059.16
191.80,263919.84,309471.83,1059.66
191.90,263919.95,309471.68,1060.16
192.00,263920.06,309471.52,1060.66
192.10,263920.18,309471.36,1061.16
192.20,263920.30,309471.19,1061.67
192.30,263920.41,309471.01,1062.17
192.40,263920.53,309470.84,1062.67
192.50,263920.64,309470.66,1063.18
192.60,263920.75,309470.49,1063.68
192.70,263920.86,309470.31,1064.18
192.80,263920.96,309470.13,1064.69
192.90,263921.08,309469.95,1065.19
193.00,263921.20,309469.76,1065.69
193.10,263921.31,309469.56,1066.19
193.20,263921.43,309469.38,1066.70
193.30,263921.54,309469.19,1067.20
193.40,263921.65,309469.00,1067.70
193.50,263921.76,309468.80,1068.19
193.60,263921.89,309468.60,1068.70
193.70,263922.01,309468.40,1069.21
193.80,263922.14,309468.20,1069.71
193.90,263922.26,309468.01,1070.21
194.00,263922.39,309467.81,1070.72
194.10,263922.52,309467.61,1071.22
194.20,263922.65,309467.41,1071.72
194.30,263922.78,309467.21,1072.22
194.40,263922.91,309467.01,1072.72
194.50,263923.04,309466.81,1073.22
194.60,263923.18,309466.60,1073.72
194.70,263923.31,309466.38,1074.22
194.80,263923.45,309466.16,1074.72
194.90,263923.60,309465.93,1075.22
195.00,263923.74,309465.71,1075.72
195.10,263923.88,309465.48,1076.23
195.20,263924.01,309465.24,1076.73
195.30,263924.15,309465.01,1077.24
195.40,263924.28,309464.77,1077.74
195.50,263924.41,309464.54,1078.24
195.60,263924.53,309464.30,1078.74
195.70,263924.64,309464.08,1079.25
195.80,263924.75,309463.84,1079.74
195.90,263924.86,309463.61,1080.24
196.00,263924.98,309463.37,1080.73
196.10,263925.09,309463.13,1081.24
196.20,263925.21,309462.88,1081.74
196.30,263925.32,309462.64,1082.24
196.40,263925.43,309462.38,1082.74
196.50,263925.55,309462.13,1083.24
196.60,263925.65,309461.87,1083.75
196.70,263925.76,309461.61,1084.25
196.80,263925.85,309461.34,1084.75
196.90,263925.94,309461.07,1085.25
197.00,263926.04,309460.81,1085.76
197.10,263926.13,309460.54,1086.26
197.20,263926.23,309460.27,1086.77
197.30,263926.32,309459.99,1087.27
197.40,263926.42,309459.71,1087.77
197.50,263926.51,309459.43,1088.28
197.60,263926.61,309459.15,1088.78
197.70,263926.71,309458.86,1089.29
197.80,263926.81,309458.58,1089.79
197.90,263926.90,309458.29,1090.29
198.00,263926.99,309458.00,1090.79
198.10,263927.08,309457.71,1091.30
198.20,263927.18,309457.41,1091.80
198.30,263927.28,309457.11,1092.30
198.40,263927.39,309456.81,1092.81
198.50,263927.49,309456.50,1093.31
198.60,263927.60,309456.20,1093.81
198.70,263927.71,309455.89,1094.32
198.80,263927.82,309455.58,1094.82
198.90,263927.92,309455.27,1095.32
199.00,263928.02,309454.96,1095.82
199.10,263928.12,309454.64,1096.32
199.20,263928.22,309454.32,1096.83
199.30,263928.31,309454.00,1097.33
199.40,263928.38,309453.67,1097.83
199.50,263928.45,309453.34,1098.33
199.60,263928.52,309453.02,1098.84
199.70,263928.59,309452.69,1099.34
199.80,263928.65,309452.36,1099.85
199.90,263928.71,309452.03,1100.35
200.00,263928.77,309451.69,1100.86
200.10,263928.82,309451.37,1101.36
200.20,263928.87,309451.04,1101.87
200.30,263928.94,309450.71,1102.37
200.40,263929.00,309450.37,1102.87
200.50,263929.07,309450.03,1103.36
200.60,263929.12,309449.68,1103.86
200.70,263929.18,309449.32,1104.36
200.80,263929.23,309448.96,1104.87
200.90,263929.29,309448.60,1105.37
201.00,263929.33,309448.24,1105.87
201.10,263929.37,309447.87,1106.38
201.20,263929.40,309447.50,1106.89
201.30,263929.43,309447.13,1107.39
201.40,263929.45,309446.75,1107.90
201.50,263929.45,309446.36,1108.40
201.60,263929.45,309445.96,1108.90
201.70,263929.44,309445.56,1109.40
201.80,263929.44,309445.16,1109.90
201.90,263929.44,309444.76,1110.41
202.00,263929.45,309444.35,1110.92
202.10,263929.47,309443.93,1111.42
202.20,263929.49,309443.52,1111.92
202.30,263929.52,309443.10,1112.43
202.40,263929.55,309442.68,1112.93
202.50,263929.58,309442.25,1113.44
202.60,263929.61,309441.81,1113.94
202.70,263929.64,309441.38,1114.45
202.80,263929.67,309440.94,1114.95
202.90,263929.70,309440.50,1115.45
203.00,263929.74,309440.06,1115.96
203.10,263929.79,309439.62,1116.45
203.20,263929.84,309439.19,1116.95
203.30,263929.88,309438.74,1117.45
203.40,263929.93,309438.28,1117.95
203.50,263929.98,309437.82,1118.46
203.60,263930.04,309437.36,1118.96
203.70,263930.09,309436.90,1119.46
203.80,263930.14,309436.43,1119.96
203.90,263930.18,309435.96,1120.46
204.00,263930.21,309435.49,1120.97
204.10,263930.23,309435.02,1121.47
204.20,263930.25,309434.54,1121.97
204.30,263930.27,309434.07,1122.47
204.40,263930.28,309433.58,1122.98
204.50,263930.28,309433.09,1123.48
204.60,263930.28,309432.60,1123.98
204.70,263930.27,309432.10,1124.47
204.80,263930.26,309431.60,1124.96
204.90,263930.24,309431.10,1125.46
205.00,263930.21,309430.59,1125.96
205.10,263930.18,309430.08,1126.47
205.20,263930.15,309429.57,1126.97
205.30,263930.12,309429.05,1127.48
205.40,263930.09,309428.53,1127.98
205.50,263930.07,309428.00,1128.49
205.60,263930.04,309427.48,1128.99
205.70,263930.00,309426.95,1129.50
205.80,263929.97,309426.41,1130.00
205.90,263929.94,309425.87,1130.49
206.00,263929.92,309425.33,1131.00
206.10,263929.89,309424.79,1131.50
206.20,263929.85,309424.24,1132.01
206.30,263929.80,309423.69,1132.51
206.40,263929.75,309423.15,1133.01
206.50,263929.69,309422.59,1133.51
206.60,263929.63,309422.02,1134.02
206.70,263929.57,309421.46,1134.52
206.80,263929.49,309420.88,1135.03
206.90,263929.42,309420.30,1135.53
207.00,263929.34,309419.71,1136.03
207.10,263929.25,309419.11,1136.53
207.20,263929.15,309418.51,1137.03
207.30,263929.06,309417.91,1137.54
207.40,263928.95,309417.30,1138.04
207.50,263928.84,309416.69,1138.54
207.60,263928.72,309416.07,1139.04
207.70,263928.60,309415.45,1139.54
207.80,263928.47,309414.83,1140.04
207.90,263928.33,309414.21,1140.55
208.00,263928.19,309413.57,1141.04
208.10,263928.04,309412.93,1141.54
208.20,263927.88,309412.29,1142.04
208.30,263927.70,309411.64,1142.54
208.40,263927.52,309410.99,1143.05
208.50,263927.32,309410.33,1143.56
208.60,263927.11,309409.66,1144.06
208.70,263926.90,309408.99,1144.57
208.80,263926.68,309408.33,1145.07
208.90,263926.44,309407.66,1145.57
209.00,263926.17,309406.99,1146.07
209.10,263925.90,309406.31,1146.57
209.20,263925.62,309405.63,1147.07
209.30,263925.34,309404.94,1147.57
209.40,263925.04,309404.25,1148.08
209.50,263924.74,309403.56,1148.58
209.60,263924.43,309402.86,1149.09
209.70,263924.14,309402.17,1149.58
209.80,263923.83,309401.47,1150.08
209.90,263923.51,309400.77,1150.58
210.00,263923.20,309400.06,1151.09
210.10,263922.88,309399.35,1151.58
210.20,263922.55,309398.63,1152.07
210.30,263922.22,309397.91,1152.56
210.40,263921.89,309397.18,1153.05
210.50,263921.56,309396.45,1153.55
210.60,263921.21,309395.72,1154.05
210.70,263920.86,309395.00,1154.56
210.80,263920.49,309394.28,1155.06
210.90,263920.13,309393.57,1155.55
211.00,263919.76,309392.85,1156.04
211.10,263919.39,309392.14,1156.54
211.20,263919.01,309391.43,1157.04
211.30,263918.63,309390.72,1157.54
211.40,263918.24,309390.01,1158.03
211.50,263917.85,309389.31,1158.53
211.60,263917.46,309388.61,1159.03
211.70,263917.05,309387.92,1159.54
211.80,263916.65,309387.22,1160.04
211.90,263916.26,309386.52,1160.54
212.00,263915.86,309385.82,1161.05
212.10,263915.45,309385.12,1161.55
212.20,263915.05,309384.43,1162.05
212.30,263914.64,309383.73,1162.55
212.40,263914.23,309383.04,1163.05
212.50,263913.82,309382.35,1163.56
212.60,263913.41,309381.66,1164.06
212.70,263913.00,309380.97,1164.56
212.80,263912.58,309380.28,1165.06
212.90,263912.16,309379.59,1165.57
213.00,263911.74,309378.91,1166.07
213.10,263911.32,309378.23,1166.57
213.20,263910.89,309377.55,1167.07
213.30,263910.46,309376.87,1167.57
213.40,263910.03,309376.19,1168.08
213.50,263909.58,309375.52,1168.58
213.60,263909.13,309374.85,1169.09
213.70,263908.69,309374.18,1169.59
213.80,263908.25,309373.51,1170.09
213.90,263907.81,309372.84,1170.60
214.00,263907.36,309372.17,1171.10
214.10,263906.92,309371.50,1171.60
214.20,263906.48,309370.83,1172.10
214.30,263906.03,309370.16,1172.60
214.40,263905.57,309369.50,1173.11
214.50,263905.11,309368.84,1173.61
214.60,263904.63,309368.20,1174.11
214.70,263904.15,309367.55,1174.62
214.80,263903.67,309366.92,1175.12
214.90,263903.18,309366.27,1175.63
215.00,263902.70,309365.63,1176.12
215.10,263902.20,309364.99,1176.63
215.20,263901.71,309364.36,1177.13
215.30,263901.22,309363.72,1177.64
215.40,263900.73,309363.09,1178.14
215.50,263900.23,309362.45,1178.64
215.60,263899.73,309361.82,1179.14
215.70,263899.24,309361.20,1179.64
215.80,263898.74,309360.57,1180.14
215.90,263898.23,309359.94,1180.64
216.00,263897.72,309359.32,1181.15
216.10,263897.21,309358.70,1181.65
216.20,263896.70,309358.08,1182.15
216.30,263896.19,309357.45,1182.65
216.40,263895.68,309356.83,1183.16
216.50,263895.17,309356.22,1183.66
216.60,263894.67,309355.61,1184.16
216.70,263894.16,309354.98,1184.66
216.80,263893.65,309354.36,1185.17
216.90,263893.14,309353.74,1185.66
217.00,263892.63,309353.12,1186.16
217.10,263892.12,309352.50,1186.66
217.20,263891.60,309351.88,1187.16
217.30,263891.09,309351.27,1187.66
217.40,263890.57,309350.65,1188.16
217.50,263890.06,309350.04,1188.66
217.60,263889.56,309349.42,1189.17
217.70,263889.05,309348.80,1189.67
217.80,263888.54,309348.18,1190.17
217.90,263888.02,309347.57,1190.67
218.00,263887.50,309346.95,1191.18
218.10,263886.99,309346.33,1191.69
218.20,263886.47,309345.72,1192.19
218.30,263885.95,309345.10,1192.69
218.40,263885.43,309344.50,1193.19
218.50,263884.91,309343.89,1193.69
218.60,263884.39,309343.28,1194.20
218.70,263883.88,309342.66,1194.70
218.80,263883.38,309342.04,1195.20
218.90,263882.88,309341.41,1195.70
219.00,263882.37,309340.78,1196.21
219.10,263881.87,309340.16,1196.71
219.20,263881.37,309339.53,1197.21
219.30,263880.88,309338.90,1197.72
219.40,263880.38,309338.28,1198.22
219.50,263879.88,309337.65,1198.73
219.60,263879.37,309337.03,1199.23
219.70,263878.86,309336.40,1199.74
219.80,263878.35,309335.78,1200.24
219.90,263877.84,309335.17,1200.75
220.00,263877.34,309334.55,1201.26
220.10,263876.84,309333.92,1201.76
220.20,263876.33,309333.30,1202.27
220.30,263875.82,309332.68,1202.77
220.40,263875.31,309332.06,1203.28
220.50,263874.80,309331.45,1203.78
220.60,263874.28,309330.83,1204.29
220.70,263873.76,309330.22,1204.79
220.80,263873.24,309329.60,1205.29
220.90,263872.72,309328.99,1205.80
221.00,263872.20,309328.38,1206.30
221.10,263871.69,309327.77,1206.81
221.20,263871.16,309327.16,1207.32
221.30,263870.63,309326.56,1207.83
221.40,263870.10,309325.96,1208.33
221.50,263869.56,309325.36,1208.83
221.60,263869.03,309324.76,1209.33
221.70,263868.49,309324.16,1209.83
221.80,263867.96,309323.57,1210.34
221.90,263867.42,309322.97,1210.85
222.00,263866.88,309322.37,1211.35
222.10,263866.35,309321.78,1211.85
222.20,263865.81,309321.18,1212.35
222.30,263865.27,309320.58,1212.86
222.40,263864.72,309319.99,1213.37
222.50,263864.18,309319.39,1213.87
222.60,263863.64,309318.80,1214.37
222.70,263863.10,309318.20,1214.88
222.80,263862.55,309317.61,1215.38
222.90,263862.01,309317.02,1215.88
223.00,263861.48,309316.43,1216.38
223.10,263860.95,309315.83,1216.89
223.20,263860.42,309315.24,1217.39
223.30,263859.88,309314.65,1217.89
223.40,263859.34,309314.06,1218.40
223.50,263858.80,309313.46,1218.90
223.60,263858.26,309312.86,1219.41
223.70,263857.72,309312.26,1219.91
223.80,263857.18,309311.66,1220.42
223.90,263856.64,309311.06,1220.92
224.00,263856.11,309310.46,1221.42
224.10,263855.57,309309.86,1221.93
224.20,263855.04,309309.26,1222.43
224.30,263854.51,309308.66,1222.94
224.40,263853.97,309308.06,1223.44
224.50,263853.42,309307.47,1223.95
224.60,263852.88,309306.88,1224.46
224.70,263852.33,309306.29,1224.96
224.80,263851.79,309305.70,1225.47
224.90,263851.25,309305.10,1225.97
225.00,263850.70,309304.51,1226.48
225.10,263850.16,309303.93,1226.98
225.20,263849.61,309303.34,1227.49
225.30,263849.06,309302.76,1227.99
225.40,263848.50,309302.18,1228.50
225.50,263847.95,309301.60,1229.00
225.60,263847.39,309301.02,1229.51
225.70,263846.84,309300.44,1230.01
225.80,263846.29,309299.86,1230.52
225.90,263845.74,309299.27,1231.02
226.00,263845.19,309298.69,1231.53
226.10,263844.63,309298.10,1232.04
226.20,263844.08,309297.52,1232.54
226.30,263843.53,309296.93,1233.05
226.40,263842.99,309296.34,1233.55
226.50,263842.45,309295.76,1234.06
226.60,263841.90,309295.17,1234.56
226.70,263841.35,309294.58,1235.07
226.80,263840.79,309294.00,1235.57
226.90,263840.24,309293.42,1236.08
227.00,263839.69,309292.83,1236.58
227.10,263839.14,309292.24,1237.09
227.20,263838.59,309291.66,1237.60
227.30,263838.04,309291.07,1238.10
227.40,263837.49,309290.48,1238.61
227.50,263836.94,309289.89,1239.11
227.60,263836.40,309289.30,1239.62
227.70,263835.86,309288.72,1240.13
227.80,263835.31,309288.13,1240.63
227.90,263834.76,309287.54,1241.13
228.00,263834.21,309286.96,1241.64
228.10,263833.66,309286.37,1242.14
228.20,263833.10,309285.79,1242.65
228.30,263832.55,309285.20,1243.15
228.40,263831.99,309284.62,1243.65
228.50,263831.45,309284.03,1244.16
228.60,263830.89,309283.44,1244.66
228.70,263830.34,309282.86,1245.16
228.80,263829.77,309282.28,1245.67
228.90,263829.21,309281.71,1246.17
229.00,263828.65,309281.13,1246.68
229.10,263828.08,309280.55,1247.19
229.20,263827.52,309279.99,1247.70
229.30,263826.95,309279.42,1248.20
229.40,263826.38,309278.85,1248.71
229.50,263825.80,309278.29,1249.21
229.60,263825.22,309277.73,1249.72
229.70,263824.64,309277.18,1250.23
229.80,263824.06,309276.62,1250.74
229.90,263823.49,309276.05,1251.24
230.00,263822.91,309275.49,1251.74
230.10,263822.34,309274.92,1252.24
230.20,263821.77,309274.36,1252.75
230.30,263821.20,309273.79,1253.25
230.40,263820.63,309273.23,1253.75
230.50,263820.06,309272.66,1254.26
230.60,263819.50,309272.08,1254.76
230.70,263818.94,309271.51,1255.27
230.80,263818.38,309270.93,1255.77
230.90,263817.82,309270.36,1256.27
231.00,263817.25,309269.78,1256.78
231.10,263816.69,309269.21,1257.28
231.20,263816.12,309268.64,1257.78
231.30,263815.55,309268.07,1258.28
231.40,263814.98,309267.51,1258.79
231.50,263814.41,309266.94,1259.29
231.60,263813.83,309266.38,1259.80
231.70,263813.26,309265.82,1260.31
231.80,263812.69,309265.25,1260.81
231.90,263812.11,309264.68,1261.31
232.00,263811.55,309264.11,1261.82
232.10,263810.98,309263.54,1262.32
232.20,263810.43,309262.97,1262.83
232.30,263809.87,309262.39,1263.33
232.40,263809.32,309261.81,1263.84
232.50,263808.77,309261.22,1264.34
232.60,263808.22,309260.63,1264.85
232.70,263807.67,309260.05,1265.36
232.80,263807.12,309259.47,1265.87
232.90,263806.58,309258.89,1266.37
233.00,263806.03,309258.30,1266.87
233.10,263805.47,309257.72,1267.38
233.20,263804.92,309257.14,1267.89
233.30,263804.36,309256.55,1268.39
233.40,263803.81,309255.97,1268.89
233.50,263803.26,309255.39,1269.40
233.60,263802.71,309254.81,1269.91
233.70,263802.17,309254.23,1270.41
233.80,263801.61,309253.65,1270.91
233.90,263801.06,309253.07,1271.42
234.00,263800.51,309252.48,1271.93
234.10,263799.95,309251.90,1272.43
234.20,263799.41,309251.32,1272.94
234.30,263798.86,309250.73,1273.44
234.40,263798.31,309250.15,1273.95
234.50,263797.77,309249.56,1274.45
234.60,263797.22,309248.97,1274.96
234.70,263796.68,309248.38,1275.46
234.80,263796.14,309247.78,1275.96
234.90,263795.60,309247.19,1276.46
235.00,263795.06,309246.59,1276.97
235.10,263794.52,309246.00,1277.48
235.20,263793.97,309245.41,1277.98
235.30,263793.43,309244.82,1278.49
235.40,263792.89,309244.23,1279.00
235.50,263792.36,309243.63,1279.50
235.60,263791.82,309243.03,1280.01
235.70,263791.29,309242.43,1280.51
235.80,263790.76,309241.83,1281.02
235.90,263790.22,309241.22,1281.52
236.00,263789.70,309240.62,1282.02
236.10,263789.17,309240.01,1282.53
236.20,263788.64,309239.40,1283.04
236.30,263788.13,309238.78,1283.54
236.40,263787.61,309238.17,1284.04
236.50,263787.09,309237.55,1284.55
236.60,263786.58,309236.93,1285.05
236.70,263786.07,309236.31,1285.55
236.80,263785.56,309235.68,1286.05
236.90,263785.05,309235.06,1286.56
237.00,263784.54,309234.44,1287.06
237.10,263784.02,309233.82,1287.56
237.20,263783.50,309233.21,1288.07
237.30,263782.98,309232.60,1288.57
237.40,263782.47,309231.98,1289.08
237.50,263781.95,309231.37,1289.58
237.60,263781.43,309230.75,1290.09
237.70,263780.92,309230.13,1290.59
237.80,263780.42,309229.51,1291.10
237.90,263779.91,309228.88,1291.60
238.00,263779.39,309228.27,1292.10
238.10,263778.86,309227.65,1292.60
238.20,263778.33,309227.04,1293.11
238.30,263777.81,309226.43,1293.61
238.40,263777.28,309225.83,1294.12
238.50,263776.76,309225.23,1294.63
238.60,263776.23,309224.62,1295.14
238.70,263775.70,309224.01,1295.64
238.80,263775.18,309223.40,1296.15
238.90,263774.66,309222.80,1296.65
239.00,263774.14,309222.18,1297.16
239.10,263773.62,309221.57,1297.66
239.20,263773.11,309220.95,1298.16
239.30,263772.59,309220.34,1298.66
239.40,263772.06,309219.72,1299.17
239.50,263771.54,309219.10,1299.67
239.60,263771.03,309218.49,1300.17
239.70,263770.51,309217.87,1300.68
239.80,263770.00,309217.26,1301.18
239.90,263769.48,309216.64,1301.68
0.10,264300.01,309370.00,741.21
0.20,264300.03,309370.01,741.23
0.30,264300.07,309370.03,741.25
0.40,264300.13,309370.06,741.27
0.50,264300.22,309370.10,741.30
0.60,264300.32,309370.15,741.34
0.70,264300.45,309370.21,741.38
0.80,264300.59,309370.28,741.43
0.90,264300.76,309370.35,741.49
1.00,264300.95,309370.44,741.55
1.10,264301.16,309370.53,741.62
1.20,264301.39,309370.63,741.69
1.30,264301.63,309370.73,741.77
1.40,264301.89,309370.84,741.85
1.50,264302.19,309370.95,741.94
1.60,264302.50,309371.08,742.03
1.70,264302.84,309371.21,742.12
1.80,264303.20,309371.35,742.22
1.90,264303.58,309371.49,742.31
2.00,264303.97,309371.65,742.41
2.10,264304.38,309371.81,742.50
2.20,264304.81,309371.99,742.60
2.30,264305.27,309372.18,742.70
2.40,264305.76,309372.37,742.81
2.50,264306.27,309372.58,742.94
2.60,264306.80,309372.79,743.06
2.70,264307.35,309373.01,743.19
2.80,264307.92,309373.23,743.32
2.90,264308.51,309373.47,743.45
3.00,264309.11,309373.71,743.59
3.10,264309.72,309373.96,743.73
3.20,264310.34,309374.22,743.88
3.30,264310.98,309374.50,744.04
3.40,264311.64,309374.78,744.21
3.50,264312.33,309375.08,744.38
3.60,264313.03,309375.39,744.56
3.70,264313.77,309375.70,744.75
3.80,264314.51,309376.03,744.94
3.90,264315.25,309376.35,745.13
4.00,264315.99,309376.67,745.33
4.10,264316.73,309377.00,745.53
4.20,264317.48,309377.33,745.74
4.30,264318.21,309377.66,745.95
4.40,264318.95,309378.00,746.16
4.50,264319.68,309378.35,746.37
4.60,264320.41,309378.70,746.58
4.70,264321.14,309379.06,746.80
4.80,264321.87,309379.41,747.02
4.90,264322.60,309379.76,747.25
5.00,264323.33,309380.12,747.48
5.10,264324.06,309380.47,747.71
5.20,264324.80,309380.83,747.95
5.30,264325.53,309381.18,748.19
5.40,264326.26,309381.54,748.45
5.50,264326.98,309381.90,748.71
5.60,264327.70,309382.26,748.97
5.70,264328.43,309382.63,749.25
5.80,264329.15,309382.99,749.52
5.90,264329.87,309383.36,749.80
6.00,264330.58,309383.73,750.08
6.10,264331.30,309384.11,750.35
6.20,264332.02,309384.48,750.63
6.30,264332.75,309384.85,750.90
6.40,264333.47,309385.21,751.18
6.50,264334.20,309385.57,751.47
6.60,264334.94,309385.92,751.75
6.70,264335.67,309386.28,752.04
6.80,264336.39,309386.64,752.33
6.90,264337.12,309387.00,752.62
7.00,264337.85,309387.35,752.91
7.10,264338.57,309387.71,753.20
7.20,264339.30,309388.07,753.48
7.30,264340.02,309388.43,753.77
7.40,264340.75,309388.79,754.05
7.50,264341.47,309389.16,754.33
7.60,264342.19,309389.52,754.62
7.70,264342.92,309389.89,754.90
7.80,264343.64,309390.26,755.18
7.90,264344.36,309390.63,755.45
8.00,264345.08,309391.00,755.73
8.10,264345.79,309391.37,756.00
8.20,264346.51,309391.74,756.28
8.30,264347.23,309392.11,756.55
8.40,264347.96,309392.48,756.83
8.50,264348.68,309392.85,757.11
8.60,264349.39,309393.23,757.39
8.70,264350.11,309393.61,757.66
8.80,264350.83,309393.99,757.94
8.90,264351.54,309394.38,758.21
9.00,264352.26,309394.75,758.48
9.10,264352.98,309395.13,758.75
9.20,264353.69,309395.50,759.03
9.30,264354.41,309395.88,759.30
9.40,264355.13,309396.25,759.57
9.50,264355.85,309396.62,759.85
9.60,264356.58,309396.99,760.12
9.70,264357.30,309397.35,760.41
9.80,264358.02,309397.71,760.69
9.90,264358.75,309398.08,760.98
10.00,264359.47,309398.44,761.26
10.10,264360.20,309398.80,761.56
10.20,264360.93,309399.16,761.85
10.30,264361.65,309399.52,762.14
10.40,264362.39,309399.88,762.44
10.50,264363.11,309400.24,762.73
10.60,264363.85,309400.59,763.03
10.70,264364.57,309400.95,763.33
10.80,264365.30,309401.31,763.64
10.90,264366.02,309401.67,763.94
11.00,264366.75,309402.04,764.24
11.10,264367.47,309402.40,764.55
11.20,264368.20,309402.77,764.85
11.30,264368.92,309403.12,765.16
11.40,264369.65,309403.48,765.46
11.50,264370.38,309403.84,765.77
11.60,264371.10,309404.19,766.07
11.70,264371.83,309404.55,766.37
11.80,264372.55,309404.92,766.68
11.90,264373.27,309405.29,766.99
12.00,264374.00,309405.65,767.30
12.10,264374.74,309406.00,767.61
12.20,264375.47,309406.34,767.91
12.30,264376.20,309406.69,768.21
12.40,264376.94,309407.03,768.52
12.50,264377.68,309407.37,768.82
12.60,264378.42,309407.71,769.13
12.70,264379.16,309408.05,769.43
12.80,264379.89,309408.38,769.73
12.90,264380.64,309408.72,770.03
13.00,264381.38,309409.05,770.34
13.10,264382.12,309409.38,770.64
13.20,264382.85,309409.71,770.94
13.30,264383.59,309410.04,771.25
13.40,264384.33,309410.38,771.55
13.50,264385.06,309410.72,771.86
13.60,264385.80,309411.06,772.16
13.70,264386.53,309411.40,772.46
13.80,264387.26,309411.75,772.76
13.90,264387.99,309412.10,773.05
14.00,264388.71,309412.46,773.35
14.10,264389.44,309412.82,773.65
14.20,264390.17,309413.19,773.95
14.30,264390.89,309413.55,774.26
14.40,264391.61,309413.92,774.56
14.50,264392.33,309414.29,774.86
14.60,264393.05,309414.66,775.16
14.70,264393.77,309415.02,775.46
14.80,264394.50,309415.38,775.77
14.90,264395.23,309415.73,776.07
15.00,264395.96,309416.08,776.37
15.10,264396.69,309416.43,776.66
15.20,264397.41,309416.79,776.95
15.30,264398.14,309417.14,777.23
15.40,264398.87,309417.50,777.52
15.50,264399.60,309417.86,777.80
15.60,264400.33,309418.22,778.08
15.70,264401.05,309418.57,778.37
15.80,264401.77,309418.94,778.64
15.90,264402.49,309419.30,778.91
16.00,264403.21,309419.67,779.18
16.10,264403.94,309420.04,779.45
16.20,264404.66,309420.40,779.72
16.30,264405.38,309420.77,779.98
16.40,264406.10,309421.14,780.24
16.50,264406.83,309421.50,780.48
16.60,264407.55,309421.86,780.71
16.70,264408.28,309422.23,780.95
16.80,264409.00,309422.59,781.17
16.90,264409.73,309422.95,781.40
17.00,264410.46,309423.30,781.62
17.10,264411.20,309423.65,781.83
17.20,264411.92,309424.00,782.04
17.30,264412.65,309424.36,782.25
17.40,264413.38,309424.71,782.45
17.50,264414.11,309425.06,782.65
17.60,264414.84,309425.41,782.85
17.70,264415.58,309425.76,783.03
17.80,264416.31,309426.10,783.21
17.90,264417.05,309426.44,783.39
18.00,264417.78,309426.78,783.56
18.10,264418.52,309427.11,783.73
18.20,264419.26,309427.45,783.90
18.30,264419.99,309427.78,784.06
18.40,264420.73,309428.12,784.24
18.50,264421.47,309428.46,784.40
18.60,264422.21,309428.79,784.57
18.70,264422.95,309429.12,784.73
18.80,264423.68,309429.46,784.89
18.90,264424.42,309429.81,785.06
19.00,264425.15,309430.16,785.21
19.10,264425.89,309430.50,785.35
19.20,264426.63,309430.84,785.49
19.30,264427.37,309431.18,785.62
19.40,264428.10,309431.52,785.75
19.50,264428.84,309431.86,785.89
19.60,264429.58,309432.20,786.03
19.70,264430.32,309432.53,786.17
19.80,264431.06,309432.86,786.30
19.90,264431.80,309433.19,786.43
20.00,264432.54,309433.52,786.55
20.10,264433.29,309433.85,786.67
20.20,264434.03,309434.18,786.79
20.30,264434.77,309434.50,786.91
20.40,264435.52,309434.82,787.02
20.50,264436.26,309435.15,787.13
20.60,264437.01,309435.47,787.22
20.70,264437.75,309435.80,787.32
20.80,264438.50,309436.11,787.43
20.90,264439.25,309436.42,787.53
21.00,264440.00,309436.72,787.63
21.10,264440.75,309437.03,787.73
21.20,264441.50,309437.34,787.82
21.30,264442.25,309437.65,787.90
21.40,264443.00,309437.97,787.99
21.50,264443.75,309438.28,788.07
21.60,264444.50,309438.59,788.15
21.70,264445.25,309438.90,788.22
21.80,264446.00,309439.20,788.30
21.90,264446.75,309439.49,788.38
22.00,264447.50,309439.79,788.46
22.10,264448.25,309440.08,788.53
22.20,264449.01,309440.38,788.60
22.30,264449.77,309440.66,788.67
22.40,264450.53,309440.95,788.73
22.50,264451.29,309441.24,788.79
22.60,264452.05,309441.52,788.84
22.70,264452.81,309441.80,788.89
22.80,264453.57,309442.07,788.94
22.90,264454.33,309442.35,788.98
23.00,264455.10,309442.61,789.02
23.10,264455.87,309442.87,789.05
23.20,264456.63,309443.13,789.09
23.30,264457.40,309443.39,789.12
23.40,264458.17,309443.65,789.16
23.50,264458.94,309443.91,789.19
23.60,264459.71,309444.17,789.22
23.70,264460.48,309444.43,789.25
23.80,264461.25,309444.68,789.27
23.90,264462.02,309444.93,789.30
24.00,264462.79,309445.17,789.33
24.10,264463.56,309445.42,789.36
24.20,264464.33,309445.67,789.38
24.30,264465.10,309445.92,789.39
24.40,264465.88,309446.17,789.39
24.50,264466.65,309446.42,789.40
24.60,264467.42,309446.66,789.40
24.70,264468.20,309446.91,789.40
24.80,264468.97,309447.16,789.39
